100 100
-87 -46 53 -18 -3 -65 53 42 89 89 36 -42 59 -14 52 -34 81 19 -2 59 90 -36 -52 63 -32 -11 -58 -32 -11 -36 -52 63 -32 -11 -58 -7 -7 84 -99 50 64 15 -21 -36 -82 36 -31 6 38 -92 -97 40 -84 -67 48 -84 9 -29 27 49 14 77 68 -67 80 -53 46 37 -10 -50 -90 -93 63 -10 -50 70 27 -99 27 -59 12 42 25 -41 59 -41 3 64 -52 -90 -45 -30 -31 52 42 1 25 40 35 52 
49 74 -43 40 31 -40 35 22 -65 -93 35 22 22 -65 -93 95 -97 95 -92 80 -83 93 71 76 71 76 -84 -51 -14 -87 63 66 67 -60 50 50 91 -37 -37 11 29 57 -73 7 -30 -30 -58 -20 15 63 -84 11 92 46 28 -28 -74 46 10 25 42 93 42 -28 64 19 10 -40 -51 -92 -81 65 10 65 10 74 65 8 -21 -91 69 -64 56 69 -64 56 -50 67 -42 41 -37 -75 55 3 3 -3 5 5 -66 10 
-52 -32 64 -52 -32 64 84 -49 7 -78 35 88 16 -72 -34 76 -23 -21 -38 -55 45 -80 -49 -60 41 -29 10 28 -38 -70 -11 95 73 52 -57 87 87 -19 -35 -37 86 42 -3 7 38 -26 62 -22 -27 62 -22 -27 -67 -67 13 62 62 -82 -59 -59 -46 4 38 88 82 -62 88 82 -62 -32 30 -16 37 37 52 73 93 -34 85 87 -10 -28 12 13 74 13 97 -38 -84 37 62 89 51 -89 88 27 -68 -36 -45 -45 
79 47 97 24 50 -68 -17 -68 -17 89 -43 -84 81 72 82 96 -82 9 -51 -25 43 86 99 45 -97 97 43 86 99 45 -97 -62 48 -62 48 -2 -70 -31 -24 -49 -39 6 98 46 40 -66 -21 21 -55 48 -44 39 68 -53 23 -79 -93 64 -20 -54 88 46 50 -56 -71 -71 54 62 97 17 21 -88 -86 -75 -32 70 -69 -83 8 44 -54 19 62 -52 12 3 14 11 -62 -51 50 37 48 97 64 -94 64 -94 67 -25 
58 -89 51 -32 -68 -63 5 11 27 -28 61 68 -60 10 87 -86 -85 -70 8 5 -92 27 -92 27 -55 -80 17 -89 53 -5 -57 75 40 53 -80 54 -76 -80 54 -76 91 -44 -11 33 -11 33 -73 68 -73 68 63 54 -80 10 -2 37 -37 -96 70 18 -86 -33 18 -47 -48 -47 38 83 -2 52 -82 -34 -97 -60 28 -89 65 -82 57 -12 28 -89 -89 65 57 -12 -12 -99 1 -70 53 18 79 53 53 93 -1 -16 -16 23 
59 -70 58 11 -89 -78 6 87 10 -72 97 12 52 -82 57 -87 46 93 9 -85 -23 -20 -67 -37 40 -27 -67 33 -2 -27 -67 33 -2 -35 -2 -35 -21 -88 -26 -2 -12 21 -12 21 33 -66 -19 -25 -17 37 57 8 -82 -17 51 -31 82 61 -37 67 -58 -71 -17 51 82 61 -37 27 -3 -34 73 -3 80 -34 73 -3 37 -14 -5 -77 -77 79 -74 -70 -93 89 -15 -5 7 -12 50 -82 -24 76 -82 -24 -24 76 -29 0 
-80 63 24 73 -1 -34 -9 51 -9 51 13 -46 -49 -30 -75 -88 -25 -25 27 -51 98 28 -25 -25 28 -2 28 -2 -70 54 72 27 67 -44 12 99 21 65 18 7 65 45 6 -74 20 -73 2 -44 65 -55 -81 -36 93 30 95 36 30 95 36 94 54 54 68 -92 -25 -51 -47 71 59 -9 -9 1 -93 13 -9 1 -93 13 -15 13 -15 -61 -55 74 60 94 -79 -79 86 37 31 -50 -13 -91 76 30 83 -42 -13 82 
88 -2 19 -13 -72 84 -77 -3 -56 92 -44 0 30 -97 25 -60 83 -60 83 78 97 59 83 52 -6 -28 -54 -64 -54 -64 -56 -21 -21 49 -76 65 -63 19 39 -15 -87 95 -46 -78 -78 96 -3 -65 53 42 89 94 36 -42 59 -92 -14 52 40 94 -62 -34 81 19 -2 38 59 90 -36 -52 -52 -52 -32 -11 -58 -7 86 50 -43 -33 49 100 -33 -33 86 -33 26 1 -23 -32 17 -22 -22 56 -15 -29 -14 42 64 15 
15 -21 -36 -36 -82 -36 67 6 38 -92 40 96 -84 -29 73 27 49 -67 80 -61 25 37 -90 -52 60 -7 99 70 27 12 42 25 -41 59 3 -90 -45 -30 -31 52 42 1 25 40 -40 35 22 -65 -93 95 -97 95 -92 80 -83 93 71 76 -84 -51 -14 -87 63 66 67 66 67 -60 50 91 -37 11 29 57 11 -73 7 -30 -41 -58 -20 63 11 92 46 25 93 -28 64 19 -13 10 -40 -92 -81 65 -84 -21 69 -64 
-64 -50 67 -42 41 -37 -75 55 3 -3 -52 -32 64 64 84 -49 7 -72 -34 -23 -1 67 -60 -38 29 93 55 -29 -60 10 28 -11 95 -35 38 -26 62 -22 -26 62 -22 -27 -67 13 -27 -67 13 -26 62 -82 -59 -46 4 38 88 82 -62 -32 52 -92 52 -34 85 87 -10 13 13 -38 -31 -84 87 89 51 51 -89 6 -88 88 -92 -88 -68 -36 -45 79 47 -36 -45 79 47 50 -68 89 -43 -84 81 72 -48 95 49 1 
47 -5 96 -51 -25 43 86 -25 43 99 45 -97 97 -72 55 -62 48 64 -24 -49 -39 6 78 -66 -55 48 -44 39 -53 23 -26 23 -26 -38 -14 43 -79 -56 78 88 -20 -54 -56 78 88 -56 46 -56 24 54 62 97 17 21 95 9 -30 -75 -32 19 62 62 -52 12 3 14 65 81 11 -62 -8 -8 97 64 -94 -25 58 -89 51 -32 -32 -68 -63 5 -63 5 11 5 11 27 -28 11 61 68 -63 43 -94 -63 43 -94 
-92 -60 10 87 5 -92 -92 27 -55 -80 80 63 -89 53 -5 90 80 33 21 -47 75 -5 -12 53 -76 -11 33 -73 68 63 54 -80 63 54 -80 10 -2 -96 70 18 -86 52 -82 -34 -97 -89 65 -82 57 -12 1 -70 62 -9 -9 79 79 53 -16 23 59 -70 58 11 -89 -78 52 -82 57 57 -87 46 33 93 93 9 87 81 21 -47 86 -85 -67 -37 40 -27 -67 -27 -67 33 33 -2 -35 -21 -88 -12 -12 21 -19 -25 
-17 37 57 8 -82 -17 51 -31 82 -37 67 -58 -71 14 -11 -78 -34 -94 27 27 -3 75 -3 80 -64 80 -64 37 -14 42 -46 99 -5 -77 93 45 -74 -70 20 -93 89 100 -26 -15 -5 -71 50 -82 -24 76 -29 0 -80 63 24 73 -1 -34 -9 -9 -75 -88 -25 -25 27 -51 98 28 -2 -70 -10 -70 54 72 27 67 -44 12 99 21 65 93 30 95 36 54 68 -92 -25 -51 -92 -9 -9 1 -93 -93 13 -15 -61 -55 
74 60 94 -79 86 37 94 -79 86 37 31 31 -50 30 -96 -35 51 -34 12 -42 -13 82 47 50 -27 83 83 2 -16 89 81 70 81 70 86 -21 2 -43 17 17 -98 77 -99 -40 92 76 57 -36 -36 -71 -99 87 -69 87 -69 -39 16 -14 27 -100 -7 63 -71 62 -88 28 28 -31 49 -76 64 64 14 34 -30 78 76 -37 71 36 -9 -85 79 60 -17 -3 -52 -56 -92 -18 -92 -18 99 99 91 31 -85 -8 14 -50 
76 -14 -87 -60 50 91 -37 66 67 -37 11 29 57 11 80 -73 15 63 -84 11 -39 25 10 25 93 42 -28 64 -13 10 -81 65 10 74 8 -84 56 -50 67 -75 55 3 -3 -3 64 84 -49 7 16 49 -40 -49 -1 67 -60 41 29 93 55 -29 -70 -27 73 -35 -37 86 42 -22 -27 -67 -27 -67 13 62 13 -59 -46 4 38 82 -62 37 52 73 93 -81 -92 52 -34 85 87 -10 -28 12 13 74 37 62 87 21 
89 51 51 -89 6 -88 88 27 -92 -88 -68 -36 -45 79 47 47 -17 -16 89 -43 -84 81 72 -48 95 49 1 82 -73 -5 96 29 9 -51 -25 -51 -25 -25 43 86 99 45 -70 -31 64 -24 6 98 46 49 40 -66 78 -66 -21 68 -53 23 -26 -56 -38 -14 43 -79 -79 -93 64 77 -20 -54 -56 78 88 50 -56 -71 -32 9 54 21 -86 95 9 -30 -75 19 62 -52 3 14 65 81 11 -62 -51 50 -8 73 37 48 
97 64 -25 -68 -63 5 11 27 11 61 68 -63 43 68 8 -92 27 17 -2 90 80 80 63 -89 33 -47 75 40 -5 53 -76 -11 33 -73 68 63 54 -80 10 -2 37 -37 -86 -33 18 -97 -60 28 -89 62 -9 14 53 18 8 -9 79 53 93 -1 -16 23 59 -70 58 11 -89 97 12 52 -82 57 93 9 87 81 21 -85 -20 -37 41 99 -67 40 33 -2 -21 -88 -26 -2 -12 21 33 -19 57 -17 -31 82 -71 14 
-34 -94 27 -3 75 31 91 -34 73 -3 80 -64 -3 80 -64 37 -14 -46 99 -5 -77 93 -93 89 -26 -15 7 -12 70 50 -82 -24 76 -29 0 -80 63 24 73 -1 -34 -9 51 73 -1 -34 -9 51 13 -46 -75 -88 -25 -25 27 -51 98 28 28 -2 -70 -10 72 27 67 -44 12 99 21 21 65 18 21 -55 -81 -36 93 30 95 36 94 54 68 -92 -92 -25 -51 -9 1 -93 13 -15 -55 74 60 94 37 31 -50 30 
-96 -35 51 -34 12 -42 -13 82 47 50 -27 83 2 -16 89 82 47 50 -27 83 2 -16 89 81 70 86 -43 17 -98 -53 -67 47 77 -99 -99 -40 92 76 76 57 -36 -71 -71 -99 87 -69 -83 24 -39 16 -14 -14 27 -100 -7 63 12 46 42 63 12 46 42 -71 29 -58 62 -88 -88 28 -31 -6 49 -76 -76 64 14 34 34 -30 78 76 -37 71 36 -9 -85 79 -85 79 60 -17 -49 -3 -52 -56 -92 -18 -18 99 
91 31 -85 -8 31 -85 -8 -85 -8 -43 18 14 -46 -87 -50 34 85 -48 88 -91 -72 75 -13 -98 97 -19 97 -60 72 34 -94 32 -51 97 52 -46 13 -2 86 76 52 -91 27 41 98 91 80 75 25 81 90 -31 -55 34 -5 91 7 97 -95 45 -38 -75 -73 92 81 92 38 42 -98 73 66 -65 -35 -54 17 -50 17 12 -75 54 -77 -77 5 -6 51 17 59 77 -18 65 -80 -66 55 -56 -91 74 65 -62 -48 71 
-22 -64 -80 -75 66 -19 -81 -65 58 -20 -86 30 73 76 40 48 -95 77 -50 -65 -47 17 90 -79 72 87 50 66 -66 -38 -52 21 -9 -94 92 -94 21 49 -29 31 50 -90 -74 -5 -97 39 -58 57 -41 -22 -24 21 -57 -1 -63 87 30 -84 34 53 31 18 52 -95 -17 34 -28 -27 13 -47 -100 -41 -62 -28 12 -15 24 47 -39 12 -66 5 -64 56 -73 96 -21 26 -23 -81 -6 -75 -80 52 46 -57 18 -88 13 47 
-67 88 -2 19 -13 74 -35 -2 19 -13 74 -35 4 72 74 33 -72 -57 -70 -68 -15 84 -67 43 91 -26 -77 -3 -3 31 78 9 -78 9 -78 59 -15 20 -94 74 55 -39 -81 97 59 51 52 -3 -81 97 59 51 52 -3 -54 -12 -12 -47 66 -27 -27 89 -9 63 -58 -4 40 25 55 -62 17 91 71 -74 -89 53 -76 -55 -16 -73 -93 22 -8 57 -2 -51 57 95 -5 77 -88 40 67 -85 -4 -9 -37 -52 -75 10 
-62 90 81 -42 -77 15 -34 5 -16 37 -48 37 -48 -53 -25 -67 68 -36 -82 -56 69 45 92 -44 0 30 -97 25 -60 0 30 -97 25 -60 83 78 97 -93 83 52 -6 -28 -54 -21 49 -76 65 -87 95 94 95 94 94 -46 53 -18 14 -78 96 -3 -65 53 42 36 -42 59 -92 -14 94 -62 -62 -34 -2 38 38 59 90 -36 -52 63 -32 -58 -7 -7 50 -43 -33 -43 -33 49 100 -33 -33 -91 -38 34 26 17 -22 -98 
-29 42 64 15 -21 -36 -82 36 38 -92 -97 -45 40 -45 40 96 -84 -67 48 -84 9 -29 73 27 49 14 7 -53 -71 25 46 37 -90 -52 60 -50 -90 -52 60 99 70 27 -99 12 -41 3 64 -52 -52 -90 -45 -31 52 1 25 40 35 52 49 -40 35 -65 -93 95 -97 95 -92 80 -83 93 -14 -87 63 -84 -51 11 66 67 -60 50 91 -37 11 42 80 -73 7 -30 -41 60 -84 11 92 25 10 25 -28 64 -81 65 
74 8 -84 -21 -91 69 -64 56 -50 67 41 -37 -75 55 5 -66 10 -52 -32 64 84 84 -49 7 -78 -23 -21 -38 29 93 55 -29 -72 68 -60 10 28 -38 28 -38 -70 73 52 -57 87 -35 -37 62 -22 -27 -67 13 -67 13 62 13 -42 88 -20 26 -27 -26 -59 -46 4 38 -62 30 -16 37 52 73 -34 -28 12 74 13 97 -38 -31 -84 62 87 21 51 -89 6 -88 88 27 -92 -92 -88 -68 -36 -45 79 47 97 24 
50 -68 -17 -16 89 -43 -84 81 72 -84 81 72 -48 95 49 1 82 -73 -5 96 -82 29 9 -51 -25 43 99 45 -97 -72 55 -62 48 -2 -70 -31 -70 -31 64 -24 -49 -39 6 98 98 46 78 -66 48 -44 39 -38 -14 43 -79 -93 64 77 -20 -54 -56 78 88 -20 -54 -56 46 50 50 -56 -71 24 51 99 -32 9 54 62 17 21 -88 21 -88 -86 95 9 -30 -69 -83 8 44 -54 19 62 62 62 -52 12 3 14 
65 14 65 81 50 -8 73 37 37 48 97 64 -94 97 64 64 -94 67 -25 -25 58 -89 51 -32 -68 -63 5 -63 5 11 5 27 -28 11 61 68 -63 -63 43 68 -63 8 5 -92 27 -55 -80 17 -2 90 80 63 63 -89 53 90 80 33 21 -47 -47 75 75 40 -5 -12 53 -80 -44 -11 33 -73 -73 68 63 54 -80 10 -2 37 -37 -96 70 18 -86 -97 -60 28 -89 65 -82 57 -12 -99 1 -70 62 -9 14 53 
18 8 -9 79 53 53 93 -1 -16 59 -70 58 11 -89 6 87 10 -82 57 -87 46 33 93 9 87 81 21 -47 86 -85 -23 -20 -47 86 -85 -67 -37 40 -27 -67 33 -2 -35 -21 -88 -26 -2 -12 21 -17 37 57 8 57 8 -82 -17 51 -31 82 61 -37 67 -58 -71 14 75 31 91 -34 73 -3 80 -64 80 -64 37 -14 42 -46 99 -46 99 -5 -77 -77 79 -23 61 -89 93 45 -74 45 -26 -15 -5 -71 -81 7 
17 21 62 1 33 -76 -49 44 -2 -36 -33 -98 -13 55 68 -38 -39 -63 -98 88 74 70 -73 84 -36 71 46 5 -79 -27 -13 -85 -88 -24 -55 -71 34 -70 -91 5 43 -95 10 51 6 7 -33 -3 -94 49 -83 -8 -83 -14 -29 -59 19 -54 35 -57 -32 -11 -56 62 -31 74 -2 -51 -4 -38 73 93 -59 60 -78 65 -99 0 -16 57 -52 -56 -5 98 45 -66 59 61 -14 11 -90 -48 -55 11 91 53 -96 1 1 -41 
98 76 15 -29 -49 43 35 21 30 -28 -48 -29 39 89 -85 97 73 52 7 -94 32 -66 57 -10 84 -23 52 97 -59 -61 71 44 -44 1 -80 -45 -89 -73 -48 -59 -73 -83 -55 91 -42 37 75 -82 91 -88 -52 -39 -2 100 -87 30 71 9 -87 86 13 -73 -16 37 -77 -66 92 56 74 -73 27 86 86 -25 8 82 51 16 -25 -8 -46 -96 -3 -53 21 5 14 83 -9 -95 -33 78 -50 7 68 90 97 -49 25 57 
88 -82 -28 69 89 74 66 -75 90 -33 80 95 73 -6 94 23 36 54 61 -79 -76 -46 -92 -62 46 48 -18 13 15 -90 -89 -8 -60 -43 -17 -10 -33 -17 86 -8 31 -58 12 -96 34 -14 8 -72 37 -27 46 71 -76 44 21 24 7 52 -5 -87 -84 31 -64 -99 -29 -4 61 -8 90 -36 -76 -63 36 72 -36 -45 -67 -28 89 -11 17 73 54 11 -19 53 -22 89 -74 55 1 -42 61 -76 -31 28 12 19 -17 -25 
-59 -68 -86 -55 -8 61 71 15 -19 -39 -25 83 -87 -43 54 -38 75 -43 53 55 62 82 -88 -20 50 96 78 -91 -61 -76 -8 19 48 34 -14 -64 84 -90 -73 18 -26 -88 71 16 63 31 -11 -39 25 82 86 68 -87 81 -81 -31 86 -92 -72 10 98 23 -96 -72 -39 15 50 -75 74 -79 41 -69 14 -13 94 -75 -39 -64 -99 -13 -30 10 57 -55 -77 -7 -18 -97 -22 1 -39 -16 -73 41 -93 72 -47 20 -83 -92 
-30 -97 75 95 -24 10 -5 15 -9 89 59 71 99 71 -44 -17 29 60 -71 68 -18 93 62 -60 35 23 100 53 -44 92 76 -47 -90 60 -4 19 18 -68 -87 42 -55 60 55 -83 -90 -26 1 28 63 -59 85 84 -28 -74 51 83 38 72 -46 -8 -6 -93 6 41 -5 -48 -42 -53 -45 -25 74 95 70 -54 -51 -86 70 -39 73 -35 -43 31 49 -95 -19 -92 44 70 -16 -78 -37 -19 11 56 -34 -4 -1 -79 84 0 
-22 11 45 73 -14 39 84 73 85 14 56 -92 42 -14 -8 -4 47 -62 -81 -51 64 35 11 8 91 14 -66 -94 -92 -17 80 26 86 -10 81 -40 -70 -22 51 -29 75 25 34 89 4 52 -98 90 53 -29 -47 -81 0 -68 84 -43 33 -33 66 38 -25 -48 -95 64 37 100 -5 39 2 71 100 -58 47 -24 -39 -57 -52 86 -28 -74 85 -17 35 83 40 -7 72 -3 -85 12 -100 -2 33 -48 -72 21 22 55 -62 25 
-78 -98 -77 15 -3 -18 10 -77 76 76 62 64 -96 -77 -34 -70 52 33 29 55 63 -62 64 20 -7 12 68 -46 13 56 61 -10 45 -42 -75 12 25 -45 4 55 -62 17 -16 -73 -55 -93 22 -8 -51 57 -2 95 -8 -51 57 -2 95 -5 77 -88 -43 40 -76 -85 -4 -9 -37 -37 -52 -59 -75 10 -6 -62 90 20 81 -42 15 -34 -16 37 -48 -36 -82 89 92 -44 -97 25 -60 30 -97 25 -60 83 83 78 59 -93 
-51 83 52 -28 -54 -64 -56 -21 -76 65 39 -15 94 -46 53 -18 -18 14 -78 96 -3 53 42 42 89 94 59 -92 -92 -14 52 40 94 -62 -34 81 19 -2 38 59 90 -36 84 -99 86 -11 -58 -7 84 -43 -33 49 100 86 -67 34 26 -23 17 -22 56 -15 -98 -29 -14 -14 42 64 15 15 -21 36 -31 -39 -40 -9 91 38 -92 -97 -45 40 40 96 -84 9 9 -29 77 68 -67 80 25 46 37 -9 -93 63 -10 -50 
-90 -52 60 -7 99 70 27 99 70 1 25 -40 35 95 -97 -83 93 71 76 -84 -51 -14 66 67 -60 50 91 -37 11 67 66 67 50 91 -37 11 29 57 11 42 80 -73 68 -58 -20 15 11 92 46 28 -28 -74 -39 25 10 25 93 -28 64 19 19 65 10 74 8 -84 -21 69 -64 41 -37 -75 55 3 -3 5 10 -52 -32 64 84 -32 64 84 -49 7 -78 16 49 45 -80 -21 -38 41 29 28 -38 -70 -11 95 
95 -27 73 52 -57 87 7 38 -26 -67 13 -27 -67 13 74 13 97 37 62 21 89 51 51 27 -92 -88 -68 -36 -68 -36 -45 79 47 97 24 50 -68 -17 -84 81 39 -58 57 -41 -22 -24 21 -57 -1 -63 87 30 -84 34 53 31 18 52 -95 -17 34 -28 -27 13 -47 -100 -41 -62 -28 12 -15 24 47 -39 12 -66 5 -64 56 -73 96 -21 26 -23 -81 -6 -75 -80 52 46 -57 18 -88 13 47 74 79 29 -51 -46 
-52 -72 12 6 -100 17 36 41 -17 15 -85 -85 -16 37 29 -99 58 -65 -36 -92 -78 3 -91 86 -87 -24 -19 79 -72 -29 -26 38 41 39 -12 -86 -90 100 80 -61 -27 82 -93 3 -59 -91 29 56 14 67 100 53 -84 69 28 -74 29 -97 -73 93 81 74 65 39 27 -29 -70 87 -90 -77 -85 -4 17 -51 -97 -64 45 -96 -68 10 73 92 -24 -54 45 4 71 50 32 -59 -76 68 37 59 68 -39 -73 80 -80 86 
-8 52 -83 -75 -49 -10 35 66 24 -62 -45 22 62 67 97 -86 2 -26 44 82 88 70 -35 63 -59 84 11 41 -10 -11 77 24 -19 69 -76 23 -45 44 96 -59 -71 -35 51 10 60 -82 -87 -15 -43 30 -26 33 46 58 -98 84 12 93 -68 -16 94 -24 91 -15 82 -73 71 9 -60 2 -15 -23 22 -16 -84 -94 -3 47 42 12 5 -4 47 84 -20 61 -62 -52 85 96 -72 -4 -40 -43 -15 57 53 -76 60 -5 
25 53 27 38 52 19 -99 73 -17 2 69 15 50 -90 0 -87 -48 -87 -79 -70 -65 56 77 -96 43 99 90 58 19 -57 34 -95 86 73 -34 5 -76 21 -9 -82 10 85 62 86 -36 -40 -24 48 54 94 -43 -81 77 61 -37 -40 100 85 94 74 34 -99 -6 -68 -73 -81 -22 -47 -12 48 -30 -90 -52 -58 -96 51 87 -63 27 -46 8 20 -40 -62 64 -72 66 75 -53 2 6 -12 56 -37 99 17 -74 -100 17 -79 
-26 -44 84 -19 -100 5 33 20 33 16 -45 69 -10 -54 -40 15 -89 -60 -30 74 -100 -29 -11 -8 88 -53 92 -7 -65 -46 -37 4 -84 -42 -51 32 35 53 -47 -25 -32 33 36 -92 13 -73 -4 -85 -21 -39 -33 -5 -70 93 25 -12 48 -58 0 -57 -67 70 51 31 38 -61 -79 -78 59 98 2 89 -37 -86 27 -4 22 64 71 20 38 -72 62 19 82 99 -12 89 -96 -34 33 -76 -18 -16 57 -12 -56 -38 75 50 
29 12 -66 44 -30 96 9 -30 39 -85 -54 -61 -12 10 5 -24 -47 -81 60 21 -32 94 -39 -70 -93 66 25 -57 27 -48 -11 85 -13 -29 -56 7 -60 75 33 -83 -52 -99 -92 -81 7 -47 -28 67 90 -84 53 2 -4 96 11 46 -6 92 -27 72 9 42 48 -8 -42 -89 22 -40 22 -39 -63 -87 -86 46 -97 -6 38 20 90 -78 80 -95 -8 -40 -25 -85 63 98 88 -69 48 -59 -15 50 42 -1 26 -56 -8 7 
94 26 -29 78 -72 98 -36 30 -100 -78 33 44 -4 12 73 -15 -25 56 4 1 -87 69 -27 15 66 -74 7 80 13 54 7 -31 67 -76 -90 64 -1 -66 -90 -62 15 -52 4 -73 53 -97 -94 70 80 85 31 75 41 -59 40 99 -90 -98 -99 -96 61 17 -80 8 -51 -64 -63 -37 -19 18 32 75 -48 -100 -54 -96 -91 17 -71 97 87 -50 -82 9 -32 -54 83 -1 31 -29 -6 80 62 -10 -63 83 -51 -97 -56 27 
-15 41 1 74 63 -8 -82 -22 84 12 -12 33 65 3 -56 21 20 -51 -23 34 48 -7 -82 57 -87 -82 80 -45 17 -2 18 -74 58 80 91 -75 63 59 11 -95 -2 -62 -16 -10 -99 63 15 -8 69 31 32 -84 85 -98 -90 -96 -84 -15 -61 89 21 -12 14 -55 -83 -50 40 -76 95 7 -99 86 -25 9 -33 1 20 23 84 -65 -92 10 -28 -6 83 -12 61 5 20 27 96 -39 52 38 -9 97 -99 63 -15 6 
-93 10 -87 33 89 -96 -25 18 -25 -82 -41 16 9 25 -96 57 -74 94 -98 0 -64 -6 73 -56 -5 35 -76 -16 -33 76 25 64 -13 79 -55 -38 -20 89 21 -93 58 69 77 10 91 83 -66 -4 -42 -26 -18 -67 52 -49 60 -4 3 -24 -92 -79 31 6 57 -73 -68 29 85 30 -71 -29 2 81 -39 -80 -35 -31 56 -70 6 -82 -11 92 66 -22 -41 -4 49 -34 -39 39 -28 37 12 6 54 67 57 48 -21 -25 
-51 -93 -2 -11 -80 -10 15 -58 -17 4 -76 -84 -89 -18 -90 37 92 -43 38 -12 88 -56 -14 -9 -46 43 -65 -83 17 1 -91 47 -36 -58 90 39 -13 86 -45 69 -11 -96 45 -69 -6 48 78 -36 55 22 17 66 -17 -88 22 65 14 72 62 0 11 -77 -33 -48 -97 27 93 -64 48 -9 25 8 -58 -59 -76 -90 -20 -35 -90 1 -9 -67 -20 65 -82 55 -74 43 18 -84 -21 71 100 19 -14 -36 71 66 -91 81 
-59 58 100 65 71 10 99 70 73 -87 44 37 43 -86 -19 58 -47 -36 -14 91 79 10 75 -78 60 -41 95 -8 55 84 -99 -8 -19 -12 83 21 -42 29 55 -79 -17 9 -84 -53 -56 96 -1 -23 -58 16 40 77 -60 0 -57 -90 -89 -63 21 9 -75 40 55 -46 -8 40 -32 41 1 -90 82 40 80 90 97 0 1 -8 -81 -19 21 -31 -11 -21 -100 -42 -19 -43 64 -24 82 76 -41 32 62 13 -68 -61 -67 51 
-18 -8 66 61 -6 -48 99 -68 70 -84 -28 -67 56 -78 9 -5 -48 26 -19 -34 55 11 -26 -33 -26 44 98 -65 75 97 28 91 -92 47 34 -26 -18 78 21 -77 25 42 -32 -70 -6 -11 -90 -76 -59 -40 -56 96 6 -55 -20 29 -19 48 -20 -87 75 -53 62 -28 -20 -79 -19 98 53 -46 17 14 48 40 1 -58 54 -73 52 23 12 -74 38 -53 42 50 -36 -77 -18 59 35 -20 51 -87 58 -23 -70 89 86 1 
-23 -52 32 72 16 -83 26 -78 0 -24 24 -11 12 -97 61 -17 65 11 97 12 -94 92 49 59 -84 0 -40 -8 -76 -55 -50 -50 -81 -72 -34 67 -48 -89 20 38 25 28 62 35 -17 4 -84 -50 23 -78 13 -58 71 21 -53 87 -44 -63 39 24 44 27 -72 42 100 97 -15 56 57 33 10 -10 7 -53 84 78 69 -54 -4 -33 -3 69 -40 -7 -42 76 10 13 -35 -46 -93 59 -66 -32 -50 -51 9 -36 65 -10 
46 32 83 4 24 97 15 87 -4 -2 45 23 -52 81 71 -3 -91 -86 29 65 78 70 15 -22 -62 50 -38 73 14 14 48 28 90 41 49 -96 -3 3 93 -66 12 57 46 -65 -35 -52 -65 -1 33 -100 -99 99 -83 -99 13 -85 0 67 27 -32 31 -94 -93 -90 -3 -49 -47 94 7 -45 -56 86 -14 6 -68 -29 -71 52 -88 -25 37 -42 58 18 57 95 35 34 59 -27 -23 -48 31 -32 -7 91 89 -65 -32 -33 
99 22 -70 29 -55 -13 -99 -46 74 -90 80 3 -58 -94 23 -16 74 37 32 -59 97 -85 98 32 98 -95 52 -59 -56 27 41 -41 -52 10 61 81 -76 57 35 -38 -64 83 -94 -30 -39 15 22 91 90 -95 46 58 22 -7 -59 67 -47 -16 67 35 33 3 -1 -98 71 51 -91 -16 58 55 -31 70 -52 -45 -12 -41 90 -93 64 54 -89 -99 15 25 44 79 -39 13 90 -32 22 99 26 -43 -19 8 -27 27 -65 13 
-68 -2 19 -72 -57 -70 -68 -77 -3 31 9 -78 59 -44 -20 -15 20 -94 74 20 -94 -39 -81 59 51 52 -3 -54 -12 -12 -47 66 -27 89 -9 63 -58 -4 -71 -93 -73 -22 -24 -45 -75 -14 40 4 -100 26 -81 40 -85 -99 67 66 -60 -84 75 -26 -64 -76 -10 -85 69 12 -76 -10 -85 69 12 69 12 3 38 -45 18 28 52 20 -71 -71 -50 -46 -60 -80 31 -60 -80 31 -19 -58 30 -33 74 -19 -58 30 -33 74 
74 2 68 83 7 -58 4 83 7 -58 4 16 -90 -1 -75 12 -39 -91 -56 -51 14 48 -25 -73 72 -71 2 69 -69 77 -48 53 -59 45 22 -51 99 57 -51 99 57 -29 -13 -84 -13 22 91 74 -27 9 -83 23 53 20 20 19 60 -26 -12 -12 51 -77 31 55 55 84 -12 1 42 -11 100 -89 -24 -8 1 91 -8 1 91 -64 -75 18 47 -98 -77 76 62 -7 -21 -92 -93 -37 64 -96 74 32 -77 -34 -70 -92 
10 52 33 29 55 63 -62 64 20 64 20 -7 12 68 -46 13 -46 13 61 -10 45 -42 11 -75 -75 12 60 -24 -27 9 -99 25 -45 -45 4 55 -62 17 91 71 53 18 -69 -76 -55 -16 -93 22 -8 -51 57 -2 95 -5 77 -88 -43 40 67 54 67 -76 -85 -4 -9 -37 -52 -59 -75 10 -6 -62 90 20 81 -42 -42 -77 15 -34 5 -16 37 -48 -53 -25 -67 68 45 -30 89 92 92 -44 0 -97 25 -60 0 30 
-97 83 78 97 59 -93 -51 83 52 -6 -28 -54 -28 -54 -64 -56 -21 49 -76 65 39 -15 -87 95 94 -46 53 -18 -18 14 -78 96 -3 -65 53 42 -92 -14 94 -62 -34 81 19 -2 38 59 90 59 90 -36 -52 63 -32 -11 -58 -7 84 -52 -32 -11 -58 -7 84 84 -99 86 50 -43 -33 49 100 -33 -33 86 -67 -91 26 1 -23 -23 -32 17 -22 -15 -98 -98 -29 42 64 15 -21 -36 -40 -9 91 21 67 6 38 38 
-92 -97 -45 40 96 -84 -67 48 -84 9 -29 9 -29 73 27 77 68 -67 80 -61 -84 7 -53 -71 -48 25 46 37 -9 -93 -52 60 -7 99 70 27 -99 27 99 70 27 -99 27 3 64 -52 -90 -45 -30 -31 52 42 1 25 40 35 52 49 74 -43 52 52 49 74 -43 40 31 95 -92 80 -83 93 71 76 -83 76 -84 -51 -84 -51 -14 -87 63 66 67 -60 50 91 -37 11 67 -60 50 91 -37 11 29 80 -30 -41 
60 68 -58 -20 15 63 -84 92 46 28 -28 -74 -39 25 93 42 -28 64 19 -13 -28 64 19 -13 10 -51 -81 65 10 -21 -91 69 -64 56 -50 -50 67 -42 41 -37 -75 -37 -75 -75 55 3 -3 5 -66 10 -52 -32 64 84 -78 35 88 16 49 -40 49 -40 -72 -49 -1 41 29 93 55 -29 -72 55 -29 -72 68 93 55 -29 -72 68 -60 10 28 -38 28 -38 -70 -11 95 -27 73 52 -57 -35 -37 7 38 -26 62 -22 
36 30 5 -42 -97 45 13 44 -8 58 -92 -99 58 -8 50 59 -12 24 77 -30 -89 85 11 57 -86 -68 -28 13 21 -78 -17 -44 71 -70 -77 72 38 27 80 -28 -33 94 48 -54 9 -6 -99 -74 -31 13 -86 20 -45 24 -67 -49 -5 16 77 -50 71 4 -62 -63 -66 -35 -12 53 -1 -8 48 76 24 22 -68 31 -55 -29 27 99 -38 -26 -62 3 81 -30 -33 -75 32 49 73 -98 76 57 35 96 -68 -91 39 -85 
96 83 -49 -100 84 48 -94 95 -66 -100 44 84 -36 5 45 66 -98 56 -57 -17 -79 -5 -30 -50 -7 46 19 78 0 -41 -96 93 -48 11 -39 -42 -91 -31 10 75 -90 -85 63 -3 47 71 -7 -11 -3 80 -3 99 -18 42 39 -67 6 92 87 6 3 -34 -27 -68 85 -9 49 -34 44 75 -26 -67 -20 53 -88 -51 65 -31 -70 -37 -6 -28 -71 29 -62 -73 -61 39 52 97 -87 -44 94 -3 -92 97 -56 98 82 15 
32 98 -59 -92 30 73 73 23 -93 -36 -58 34 9 -43 65 -98 -80 95 -94 -26 15 15 -100 27 0 -35 100 97 99 -93 -41 -58 -4 -89 86 -96 97 94 -36 90 -88 8 -4 -59 99 -29 -24 -7 31 -54 25 -26 11 90 16 -90 -11 64 98 -30 36 -22 11 -33 -33 69 96 -26 -62 -74 -72 -89 13 -49 -32 49 37 65 -15 31 -89 55 73 -63 -16 8 -90 -11 9 59 3 -74 -27 57 -74 -79 -38 -86 -53 -89 
82 8 49 92 -37 5 15 68 -34 33 80 -24 -11 87 7 -82 79 -61 2 70 37 -7 31 5 -27 2 -69 -84 -90 -43 -60 -50 91 -32 -32 -73 -46 -78 -99 -36 -58 33 35 -16 67 -94 -62 92 -24 -22 -4 14 22 -41 74 35 -16 12 -73 -11 -35 58 -59 85 -16 57 -64 -91 -77 -95 62 -37 27 -15 12 15 28 -17 -26 76 -38 17 -94 -86 -56 -84 92 -61 89 -24 6 -5 -55 -24 -28 -67 -90 55 19 -58 
45 -58 -38 87 76 36 28 64 -33 -38 -66 -65 -97 -94 -65 -97 73 65 -62 54 47 64 -9 36 50 -81 -24 -58 -36 55 99 -14 73 -77 62 85 95 -22 100 -7 -3 -93 88 46 41 15 41 -63 76 -94 71 -33 23 31 -81 86 36 96 -25 4 66 39 -90 85 32 60 63 -21 5 51 -57 -48 25 85 99 -29 -48 62 -100 38 -87 -4 82 4 7 -75 -55 85 2 23 28 -17 -20 69 -60 52 58 -64 71 50 
28 76 -78 78 -25 -80 -82 0 -78 92 -94 -88 -48 -81 -35 -7 63 60 -32 26 9 83 -51 -35 -97 -14 79 98 20 7 -94 -88 -70 100 21 26 -86 -97 -61 -94 60 87 83 78 29 78 -94 -36 -99 -82 87 99 -41 -99 -12 56 -64 17 -23 45 86 -29 -85 58 59 -74 -51 23 7 -83 22 -76 -83 -45 -53 47 -24 -11 -83 -27 -38 64 -33 -16 62 40 -46 44 6 -29 -18 49 -65 75 67 79 -59 16 51 3 
-68 -13 74 -35 91 -26 -77 78 9 -78 59 10 -44 -20 -15 20 20 -94 -15 20 -94 74 55 -39 -81 97 59 51 52 -3 -54 -54 -12 -47 -47 66 -27 -27 -9 63 -58 -4 -4 -71 40 67 66 -60 -84 75 -26 -64 -76 -10 -85 69 12 3 38 -45 18 -46 -60 -80 31 -19 -58 30 -33 74 2 68 83 7 -58 4 16 -90 -1 -75 12 -39 -91 -51 14 48 -25 -69 77 -48 45 22 -51 99 99 22 91 74 53 20 
19 60 -26 -12 51 -77 31 55 84 -12 -24 -8 1 91 -64 -75 16 -68 50 30 -100 -23 48 75 29 -54 32 47 -73 33 -49 -24 -62 58 62 77 -43 -36 -97 39 97 85 1 37 -68 -99 -80 3 -87 82 -30 59 42 99 -14 -53 19 -11 -38 -78 50 67 68 -50 42 79 51 -51 3 -38 -98 12 66 29 -62 92 37 -79 -87 23 23 27 35 -79 -99 31 95 -71 -73 -96 -62 -93 -15 92 -25 -70 31 76 -69 7 
11 -1 51 -81 17 37 61 7 40 8 96 87 48 51 33 23 98 44 33 -12 -53 -3 -9 82 42 -36 -89 -81 41 -85 -20 25 -10 -83 -19 -75 45 42 71 -81 -58 -1 46 27 77 64 -6 -2 -47 -62 -22 75 56 61 -85 5 -97 34 -19 -94 -80 41 27 -37 97 -81 -77 45 65 11 -9 3 -70 -97 -100 46 56 -57 -10 -66 -94 3 -74 -55 86 -49 -58 33 82 59 14 -7 -74 -39 57 -68 -95 89 -97 3 
50 -35 70 -27 100 -58 16 -14 55 -59 48 -63 -26 41 15 -80 95 -55 -64 -8 -89 83 5 23 18 -79 72 -67 -55 80 -4 60 58 -100 -38 14 -14 78 -71 -34 -7 -93 -41 -48 8 34 -99 -63 -81 54 -23 -4 37 98 57 47 39 6 21 -98 64 80 60 49 -4 79 -43 76 46 -31 -5 -75 -96 -32 59 -99 94 -100 -8 5 7 74 54 -78 -6 -58 21 28 34 -67 -3 -6 27 -1 -84 -35 63 75 -97 10 
-78 -33 15 13 44 -4 -74 -85 44 78 86 -42 -7 65 -56 -97 -95 -67 -11 35 -50 -13 62 82 80 59 -71 83 46 -4 -87 -44 90 4 77 50 64 -60 11 69 91 46 -47 -16 87 -17 -92 -27 -27 -97 5 65 37 34 -68 90 -85 94 -36 -49 10 34 -84 61 53 -63 -49 35 73 -7 81 52 81 -19 -97 -15 95 60 -90 83 82 -21 -63 72 -5 -69 -79 74 -29 -50 47 55 94 83 69 -3 -42 -28 82 29 
87 -68 49 52 88 48 91 -11 -39 -86 -79 -10 -57 94 -15 41 79 21 46 4 81 89 -93 -12 -10 -75 57 67 19 -51 13 -68 2 -92 19 -41 -5 -8 23 -66 38 41 5 7 -3 44 -97 39 -37 67 31 23 -41 88 -25 29 -86 -51 12 51 -12 -4 -81 -15 86 85 0 26 -52 32 27 30 78 88 -8 36 -9 -60 57 -22 -72 -34 -18 18 0 -81 -80 55 -49 59 53 96 -37 46 28 -40 62 -93 -38 64 
96 -46 88 76 62 -41 82 83 -93 -68 42 70 -1 -48 84 68 34 25 29 91 8 50 -15 -84 3 -6 -25 -13 50 -43 29 44 10 99 -41 -47 10 -78 48 13 60 -80 52 51 13 -37 -20 -89 27 89 -38 -4 -100 11 -33 -73 -32 -56 -45 -34 -49 73 40 -36 79 6 84 14 15 55 -48 1 2 79 39 -70 -65 -17 4 -71 70 4 -58 49 49 -34 28 27 24 -76 23 -46 69 53 -20 -49 -97 45 2 -82 
78 100 -43 98 94 38 -13 -88 -72 -37 80 96 -23 73 59 -37 -70 -48 -64 93 68 40 19 -16 76 -31 -76 -81 -69 -57 -81 -57 1 80 54 -45 91 79 -17 -31 -39 34 53 -69 51 3 48 -62 86 85 18 9 22 40 95 -52 -60 71 1 1 -84 -17 67 -19 40 10 50 -30 49 -9 75 15 72 43 18 -14 88 61 -39 -12 71 -49 32 20 78 18 85 85 94 13 -71 -66 -32 -56 -75 -40 -31 24 -7 45 
-37 -18 90 7 8 -39 89 73 100 78 65 58 62 -12 -39 -69 74 -21 -38 -66 -100 22 67 -63 -28 37 25 -88 -62 -79 -17 96 -62 -40 85 -62 -83 -16 24 66 59 -76 96 63 -16 -27 -71 22 -44 54 99 69 -57 -47 96 -54 78 84 -35 -37 58 -75 -34 27 0 60 34 -92 -10 -94 -9 56 29 -44 51 78 26 -50 9 75 40 -30 -11 84 -66 96 69 -40 -83 67 36 69 72 23 54 97 45 63 -67 11 
-11 -64 53 56 5 -5 -67 22 10 -61 -12 -6 75 13 93 97 4 91 -17 -7 60 -41 37 66 -86 9 13 -22 -49 -41 -24 78 -94 -34 39 66 -93 -100 -61 -14 -77 -8 20 64 79 17 99 25 74 35 -78 -60 58 -84 -94 58 35 -60 80 92 -17 -42 -3 71 -11 56 87 -30 6 -39 77 -82 88 -72 -19 95 -83 -23 -39 -41 -15 -88 10 85 -64 -83 -18 83 42 47 94 -58 86 -83 8 -70 -58 -46 6 -16 
-40 34 79 -17 85 55 19 61 69 44 -78 4 1 -40 -98 81 46 60 -70 7 10 -62 -84 61 87 51 0 74 -40 -96 74 80 10 -11 -87 -70 -35 -23 51 -89 -6 49 31 6 -28 -62 80 -80 -46 -69 -91 69 3 -63 68 -51 52 -99 82 -15 42 -10 0 43 -99 58 18 90 -32 -66 -6 -22 -10 -41 -56 -30 29 -70 19 16 -85 -53 -18 -86 17 -2 -87 60 -6 41 26 63 37 -98 -7 -44 90 -99 -13 -6 
-92 2 92 91 -10 85 -24 9 68 -85 38 -91 -64 28 -93 -79 49 -47 95 84 18 3 -93 -68 -3 65 74 8 -11 -10 -98 -24 -63 -38 -10 27 -26 94 -10 62 24 74 -16 58 -86 -71 66 88 -6 -65 49 55 46 86 27 -95 25 -49 68 -80 77 -6 27 -43 98 -39 -71 77 75 -87 -31 -26 39 49 -97 48 0 70 7 -19 -77 5 -22 23 -85 36 51 19 -14 65 82 -26 -89 46 64 -35 45 -19 -97 -97 
51 -51 79 51 -89 5 -90 -59 -58 30 23 57 -62 66 11 33 -64 -94 62 70 -59 75 -100 -20 29 65 -39 52 3 64 60 65 -72 -63 -82 55 1 63 49 -13 -8 78 -31 -70 69 -74 -23 13 -71 3 46 56 -25 -90 -98 -9 -15 -45 -96 4 -43 -9 -66 -42 11 57 60 76 6 -62 57 60 2 52 16 -40 -86 7 -49 -40 -73 50 83 73 20 -50 5 -48 72 61 52 37 48 11 82 -59 -100 49 77 3 
-72 -65 -25 22 35 53 -2 26 -89 50 -59 -82 -70 -78 93 100 -11 -38 -95 -3 16 64 5 28 -65 37 -45 -82 -62 -65 -14 -97 -67 80 78 17 75 -73 31 -85 -47 27 -25 31 80 -76 -64 -16 -33 -19 64 -7 -76 -55 75 81 -76 -90 -100 6 77 32 -93 -65 -47 -79 32 -22 79 -53 14 -14 59 72 25 -57 36 2 98 -69 18 -70 -61 49 -91 -39 -28 -15 -7 -8 -36 -5 4 -22 1 48 16 91 17 11 
21 8 -80 -35 -22 61 5 -33 -88 -43 7 -92 -8 -87 -1 48 -27 -18 4 16 -22 -60 -96 4 90 -6 67 -20 -65 75 -25 -64 -93 47 45 88 37 88 -36 73 -83 -26 44 10 -61 6 -51 19 -77 -26 63 -94 18 100 81 -83 70 -48 -8 -58 28 -57 -48 99 27 7 22 -39 2 74 64 56 -91 -99 -80 30 5 -70 -58 -73 46 64 -78 -42 5 64 22 70 1 71 -43 29 30 -77 -9 -15 -83 -4 7 -95 
24 -74 8 29 -22 -56 -51 65 -39 66 90 94 79 22 68 15 -4 83 -95 -76 73 3 -57 -43 -10 25 -24 -16 99 -26 90 50 -44 -27 57 -64 24 -14 83 -4 -21 -10 1 -65 -91 -73 85 -40 -6 81 20 -7 -7 -71 -11 76 -72 -76 85 -62 70 -96 53 16 -36 -89 44 90 46 -28 -97 -65 -95 -3 96 34 -93 -92 -72 -25 89 -57 41 99 -38 75 -65 -66 90 72 -46 -11 -26 -74 26 -82 13 18 24 21 
28 32 -74 87 -68 -38 52 -46 -57 -39 89 -53 -41 -8 -32 99 19 54 32 50 21 -53 -94 62 -67 -52 52 -93 72 42 -4 -19 14 -48 1 24 67 -93 -70 75 -38 67 -77 1 53 37 44 -35 -48 -34 88 21 -51 22 -99 -39 -95 -76 -83 98 -91 9 28 83 -50 -69 -86 99 -48 -10 58 64 84 -93 -98 -59 -39 -97 85 83 60 -100 -15 -59 -4 34 -48 24 62 -44 -7 90 83 -29 -16 -68 -68 42 29 -20 
64 54 -70 83 -30 60 -65 79 -64 2 -69 28 65 -18 67 -73 -10 94 38 -78 -100 -63 -56 54 -1 -79 -35 57 -61 -36 32 -1 -64 68 17 47 -27 -1 61 -40 -33 -79 -73 -56 27 -75 -84 -54 67 -27 -88 -2 -88 29 95 -76 8 -60 85 -77 71 12 -80 -83 44 80 -2 98 85 -28 72 -59 -91 98 12 16 100 70 -95 34 -60 64 11 72 16 8 -73 -60 93 -7 -53 -82 -21 -83 91 -75 -57 -91 68 -43 
39 -64 18 6 6 56 22 61 -38 26 34 -54 5 -85 -25 55 -31 10 -47 -69 33 -51 -50 -44 7 -44 3 100 81 63 0 31 -50 -100 -73 14 -88 48 -76 12 59 99 -85 -8 -81 -20 51 -1 31 -35 78 30 68 -92 -21 14 85 -18 40 -60 -31 -46 -13 -100 47 71 -67 -76 -8 -69 -95 35 -74 65 31 34 37 92 -70 39 27 14 9 -28 -61 -25 90 9 88 52 -48 12 58 33 -100 6 -40 -43 73 28 
-34 3 51 35 100 7 -69 67 17 -39 69 7 -5 -92 31 18 -93 -89 -71 71 -48 -41 -52 63 -17 61 10 -62 -64 -5 -89 -91 66 -72 88 -22 -1 64 95 71 -80 79 71 82 16 23 36 -48 47 38 33 -84 0 -24 19 -7 1 8 -60 -17 81 27 78 -69 90 15 -47 81 55 4 -43 -72 48 -89 -57 13 -27 -65 -70 89 -63 -45 68 -36 35 89 -76 -57 -72 -47 -42 61 86 37 -91 32 39 85 99 75 
54 -94 -85 -72 35 0 -50 -23 -35 24 -19 -5 -64 80 49 85 6 -30 5 66 54 -78 -23 -33 -52 -22 -72 -61 -61 95 -83 -16 78 -82 -29 93 45 -49 -56 -92 -31 91 2 -75 -90 -7 24 -72 37 83 26 29 17 84 -61 12 -47 -89 -25 71 -23 -13 -66 40 79 72 14 53 5 -83 -47 46 -41 89 100 20 -1 -95 75 100 26 -60 92 16 -82 -38 98 72 90 -8 -50 -76 34 62 -29 -88 -55 -94 37 -84 
-52 -77 73 -24 -73 51 -11 -97 42 -58 26 16 -94 -39 52 -5 -75 91 -6 33 -2 21 -64 -83 -69 -12 68 12 -27 -3 -82 -70 -86 86 -85 100 -39 -65 -45 23 -27 -60 24 48 65 -16 -40 -82 80 48 67 48 27 -18 47 -23 81 -44 5 92 -56 -82 23 93 -32 -24 -58 -52 31 -23 20 37 -29 71 55 -81 39 -42 -36 -29 17 -60 13 69 -51 53 -32 -60 -25 57 70 82 -27 78 9 -59 -3 79 13 -6 
-20 -95 66 -87 -74 28 76 -51 77 -31 65 19 29 -68 71 -14 -24 4 -39 -47 -79 -29 46 61 4 -39 -53 -13 -53 -47 -61 -89 -48 -56 -79 -71 -59 37 31 100 -18 79 18 -62 52 -59 -44 -54 5 50 42 51 -66 85 -33 -36 -30 36 46 -68 23 89 14 -55 -81 -56 -91 22 -81 -15 -8 -49 37 -14 -95 46 -74 -3 -72 74 -10 95 -83 -84 21 77 -1 -87 -14 65 -15 -82 -12 -77 8 76 -62 48 24 65 
-95 64 17 12 91 -58 43 -93 61 1 56 -53 -85 -16 -67 -72 -47 -52 -9 -100 90 75 -7 -2 56 -47 28 -42 -55 43 28 -98 -19 -72 -69 28 63 -83 -19 81 -83 83 -76 -8 43 9 -2 87 56 -76 41 2 47 94 82 63 13 93 -9 -27 81 75 -82 9 -83 7 0 -86 -98 53 -77 -62 -99 -72 -39 27 0 54 88 26 -93 84 -58 -41 74 -24 -1 -82 -69 -75 58 78 28 44 -4 36 -70 -78 27 87 
63 77 -6 98 6 -4 46 -80 -45 21 68 -73 -76 18 20 88 29 -52 -45 -13 -86 -17 -10 -43 -40 -15 51 -62 -70 -84 79 13 -95 -30 73 73 -55 -2 92 76 5 24 93 100 -59 45 -33 -72 -78 31 -3 -92 -68 47 -56 49 -17 60 42 -20 -84 78 -18 87 65 -52 -91 -31 -34 23 53 90 62 38 -40 71 -74 50 -64 -73 96 41 -49 2 0 74 54 -55 -10 -51 -95 56 -69 99 41 14 90 -12 70 7 
67 1 -60 5 -21 -37 34 76 -35 -90 12 -56 -39 67 70 -54 -6 -64 -21 -83 -18 87 -65 95 -46 82 -95 -70 64 83 -14 -48 23 -19 -82 8 -71 82 -36 24 -75 -97 -60 -55 -49 -93 70 14 -2 -58 -32 77 -99 42 85 -12 5 -57 -26 -73 70 77 -71 -86 -54 -51 3 -69 -70 -19 88 -91 57 48 -8 82 52 -63 -48 -78 38 1 -42 -38 41 -49 -42 28 99 -97 77 -77 -6 2 23 -57 63 50 52 -71 
-27 5 -10 -96 62 79 -97 -62 -59 29 -40 -88 30 75 -30 -85 -58 -16 36 4 -34 -89 78 44 48 14 3 -11 3 -14 56 -32 -7 -47 78 -94 -42 24 78 27 -69 -22 -74 -21 3 -41 24 -40 -47 -82 -83 89 59 -36 72 13 38 -83 -17 -73 77 2 89 6 32 -22 -70 70 -48 -11 -80 -92 -32 42 -33 -27 -18 16 63 65 18 42 -80 -82 -100 79 -24 -38 -48 4 -56 -40 88 -82 -79 25 35 -18 -99 -1 
-14 -17 17 76 -88 -98 -28 -89 79 53 -30 -22 8 -7 56 29 -26 -47 70 87 69 31 2 -42 46 -59 -9 -30 28 -48 -80 -65 -2 57 -36 39 -32 -72 87 14 -10 26 84 -8 98 34 -86 20 14 -62 -43 -98 -70 -40 -51 -9 79 -58 95 -79 -88 -87 35 -1 -86 -52 -36 45 -92 -50 63 -79 -60 68 25 -67 71 -76 -50 84 -33 92 -38 -84 -59 87 -17 66 90 52 71 27 33 19 -75 37 -76 61 -21 -74 
44 -53 91 31 86 -4 21 -45 8 -1 80 7 20 -84 -30 98 -19 20 67 -38 -70 -57 90 39 85 78 -48 -6 -54 -87 -66 90 31 -36 -22 -86 52 -89 55 85 -63 -31 57 -30 -50 99 -50 -18 90 -65 62 14 59 -87 32 38 -29 27 -40 -1 -3 83 -100 -98 -30 99 -93 53 65 55 100 -48 -78 -33 -52 39 -2 -74 0 78 -37 -31 16 -34 -77 -7 85 -96 -64 63 -74 22 81 -18 -19 18 86 29 -32 17 
-29 49 29 -30 69 61 -66 17 -31 -28 39 -23 64 29 53 34 -2 -58 93 -44 73 24 1 -55 14 55 -69 78 -94 -99 22 -47 -54 85 -27 71 -37 -59 17 -4 -70 79 18 -18 82 -49 70 -32 -66 -41 -27 -44 -98 38 -69 71 29 -32 72 -23 -43 62 49 -5 -24 61 90 -4 70 48 -39 -58 -53 81 -33 -91 -30 -63 79 2 1 91 -90 41 74 56 -7 93 -64 26 45 2 -87 -95 64 36 54 -38 -22 -20 
64 -3 -83 68 -70 98 -42 -65 -96 -83 74 48 50 90 -30 97 -58 23 -36 -8 -41 62 56 -4 65 100 -76 75 -64 -74 78 -68 53 25 34 15 24 -37 57 -92 -77 58 39 -91 -30 76 -58 -40 33 70 70 -84 -43 91 -43 -20 -68 -85 27 20 42 82 90 42 73 69 87 15 89 60 -6 80 -32 90 18 -1 -77 -55 51 -42 17 -97 -66 -31 -37 64 72 62 90 55 -48 -6 -10 20 -50 29 -97 62 -1 -80 
-99 40 -57 -50 7 57 -48 97 82 -41 51 -97 -76 60 94 -60 76 -88 -68 52 -44 -100 91 77 37 71 -82 -37 -7 -65 66 8 12 78 -47 -81 93 -59 -19 -61 45 -43 9 2 -51 -60 56 -13 -35 35 50 83 50 -15 -33 -88 -65 80 -32 17 22 -96 -81 -39 36 63 5 61 -92 58 -68 -64 100 -16 8 -20 -56 -64 67 97 -47 77 -62 -98 30 -34 -40 -57 45 41 -96 -99 -79 96 -11 -82 72 -39 6 -85 
-13 8 -83 -5 3 90 68 -10 82 24 -46 -36 -61 -44 45 -61 9 -48 13 58 50 -19 76 95 -54 -93 -50 55 -97 -88 2 15 57 -44 -31 -25 57 86 40 95 63 -9 -97 19 -75 -94 -35 4 -54 88 86 26 43 35 -51 48 59 57 -68 -42 55 -40 -51 -67 35 -53 78 -2 -60 -77 -26 -66 61 81 -64 -69 -50 76 -44 91 58 -5 31 32 50 55 29 2 -96 -18 18 -15 33 -5 38 40 65 -1 93 11 
48 100 57 -79 71 64 47 -86 33 -66 58 12 70 -59 -77 21 49 60 48 90 -13 -52 73 -26 -83 -97 -68 21 -80 -43 79 16 85 69 11 74 98 -68 51 34 -85 -77 -44 83 23 5 -30 -85 -40 -33 17 38 84 -27 10 -52 -70 26 -87 -52 18 87 5 49 16 -62 -76 47 56 -30 -90 19 -78 19 25 43 49 79 -11 99 66 12 98 9 92 95 64 2 -82 52 92 92 9 -54 16 -26 60 9 82 -14 
90 93 -12 30 5 -74 -47 70 39 -48 78 2 -96 -86 47 -100 -65 -10 37 1 84 7 -9 -12 -25 -55 -51 81 85 -12 -28 67 -53 16 -3 57 -79 36 -87 -57 -54 83 -81 -2 -58 -83 -58 99 -93 -69 49 -46 14 61 89 10 89 -8 48 52 33 -66 -18 -43 -8 45 -35 84 27 24 -25 -6 -29 28 98 -51 88 94 59 -30 2 25 -68 -37 9 -70 -94 65 94 98 -99 -48 -40 2 -94 -97 -60 31 -52 27 
29 -82 -21 10 64 38 -26 43 -56 30 18 19 76 -51 -32 56 -12 -47 69 -26 44 -59 83 -56 -86 -87 -4 -98 87 -9 15 -64 52 -44 66 6 23 -66 1 -76 -80 -87 -81 -87 34 -54 -28 42 10 84 94 -20 10 -59 77 100 -71 12 -22 -10 40 20 78 -77 47 -2 -68 -83 31 -95 10 83 59 -46 52 80 86 25 -50 -15 -87 52 88 64 -34 -46 -1 19 -98 -98 87 12 -11 -65 54 48 91 -56 -76 -71 
