100 100
-77 -25 -50 13 67 20 20 60 -4 -70 83 -7 53 -85 -88 -48 -61 -19 73 96 96 -79 70 -9 -64 70 76 -56 -85 36 -6 81 -91 52 -99 -58 -80 4 0 1 63 -99 -88 -89 -98 -42 -99 57 -65 -83 -80 30 56 6 45 -38 38 49 0 -47 76 -100 -20 -88 79 -56 -72 9 36 99 97 75 -80 84 71 77 65 -34 34 71 -42 -53 62 14 -4 -6 -89 83 23 -70 -23 -11 15 -83 -64 35 -56 82 -94 -25 
68 -66 84 -50 -84 -7 -78 17 -27 -79 -56 82 -94 -25 68 -66 84 -50 -84 -7 -7 -31 83 -44 59 -81 47 -76 82 61 6 72 -68 -80 73 92 79 -21 69 69 11 70 -23 23 -81 -47 -97 53 51 -86 68 -66 58 70 43 -84 50 24 88 -58 12 -18 -100 -7 -69 21 -7 -11 46 81 -93 -90 88 -90 -30 91 -42 -32 -82 -1 42 85 -34 -54 42 54 75 97 42 -44 -29 -71 46 -34 -8 -1 80 -18 15 -78 
5 -9 75 27 30 -35 99 21 -16 -47 13 -60 -60 2 -95 -22 47 -22 -79 33 -72 32 -3 92 29 35 29 35 -41 75 94 -61 -96 81 19 -21 71 52 17 25 96 -60 -1 32 32 94 -89 -59 -83 11 11 72 64 -76 15 -97 -51 74 -68 -92 69 -89 -73 71 -66 92 -35 -27 88 91 -26 10 -57 -32 2 -92 67 51 -29 -27 -10 91 -4 86 -2 -39 56 -89 86 -31 12 -26 -34 27 61 92 16 -87 -16 -97 
28 24 48 5 -17 97 -100 7 92 61 23 38 56 -65 67 -23 52 54 -52 2 55 3 29 -58 98 -41 27 -27 67 -23 52 54 -52 2 55 3 29 -58 98 -41 7 35 65 -65 -23 52 54 -52 2 55 3 29 -58 98 -41 27 -27 7 -9 -85 47 35 -61 5 26 38 65 96 84 -5 82 90 4 93 15 11 80 -1 -66 77 80 -54 47 -87 70 43 81 -67 -6 24 47 19 -91 -94 78 -39 -57 97 -99 -76 
30 41 -31 13 -68 -5 -93 -81 64 -19 -80 -28 52 22 -68 -24 -58 -34 -28 32 -74 60 15 -67 -28 37 -76 3 -35 -59 67 -82 78 -57 -60 -9 -96 92 -13 84 -89 68 48 55 8 26 -71 98 -3 95 11 83 84 28 -13 44 66 27 -48 98 79 -88 6 54 66 86 41 79 -20 -7 -61 -24 -54 21 95 -10 -18 -96 -24 75 23 -96 -82 -93 34 19 10 62 87 -65 96 -45 -75 -34 77 87 7 60 10 42 
89 32 -35 80 -57 87 -69 -5 -97 -2 -63 14 99 59 -87 -45 -19 44 89 -66 -91 -6 -71 -100 -30 86 41 79 -20 -7 -61 -24 -54 21 95 -10 -18 -96 -24 75 23 -96 -82 -93 34 19 10 62 87 -65 96 -45 -75 -34 77 87 7 60 10 42 89 32 -35 80 -57 87 -69 -5 -97 -2 -63 14 99 59 -87 -45 -19 44 89 -66 -91 -6 -71 -100 -30 45 -88 25 22 98 42 55 -22 -4 -38 27 -48 -32 -12 27 
80 -47 -33 -11 -32 -68 27 -33 -32 -33 93 -85 8 16 -29 -65 48 26 99 43 -7 59 64 27 -63 -14 32 44 72 -4 -64 84 54 99 19 47 53 26 6 -29 -11 41 21 82 68 -47 -96 -11 58 -81 36 68 -81 -60 52 77 -86 -29 1 -81 -29 1 -5 76 46 78 -75 -27 -50 79 82 58 -81 73 -80 -7 24 59 -86 60 43 23 41 68 -100 2 30 -7 24 59 -86 46 -16 -9 57 -92 -1 46 -16 -9 
-85 -48 -61 -48 -61 -19 73 96 96 -79 70 -9 -64 70 76 -56 -85 36 -6 81 -91 52 -99 -58 -80 4 0 1 63 -99 -88 -89 -98 -42 -99 57 -65 -83 -80 1 63 -99 -88 -89 -98 -42 -99 57 -65 -83 -80 30 56 6 45 -56 -72 9 36 17 -9 91 5 90 -56 3 -4 -76 -20 -18 15 -62 89 19 99 -85 54 27 -32 58 80 -50 57 76 3 -57 -29 13 71 10 -70 -23 -11 15 -83 -56 82 -94 -25 68 
-66 84 82 2 99 -31 83 -44 59 -81 47 -76 -55 -5 56 -87 27 -48 -18 47 -2 -74 -82 95 -67 7 23 -12 -28 -39 77 79 70 -23 23 -81 -47 -97 53 51 -86 68 -66 58 70 43 -84 12 -18 -100 -7 -69 21 -7 -11 46 -18 -100 -7 -69 21 -7 -11 46 -32 -82 -1 42 85 -34 -54 42 30 -35 99 21 -79 -78 5 -9 75 27 30 -35 99 21 -16 -47 13 79 -9 -79 -60 76 -39 -60 2 -95 -22 47 
-22 -79 33 -72 32 -3 92 29 46 -34 -8 -1 80 -18 15 -78 5 -9 75 27 30 -35 99 21 -9 94 81 -81 -47 -97 53 -60 -1 32 32 94 94 -2 -89 -59 11 77 64 -76 15 -97 -51 74 -68 73 -56 70 -59 78 -84 -92 -84 -92 69 -89 -73 71 92 91 -26 10 -57 -32 2 10 -32 51 -92 67 51 -29 -27 -16 -97 28 24 48 5 -17 91 -4 -27 -10 91 -97 28 24 48 5 -17 97 38 56 -65 67 
-52 2 55 3 29 -58 98 -41 97 -100 7 92 61 23 38 56 -65 67 -23 52 54 -52 2 55 84 19 -91 -94 78 -39 -66 70 43 81 -67 -6 24 47 19 -91 -94 -85 47 35 -61 5 26 38 80 80 -5 82 -94 78 -39 -57 97 -99 -76 -28 52 22 -68 -24 -58 -34 -28 32 -74 60 15 -67 -28 37 -76 3 -35 -59 67 -96 92 -13 84 -89 68 48 55 8 26 -71 98 -3 95 -24 -34 60 3 -35 -59 67 
-96 92 -13 84 -89 68 48 55 8 26 -71 98 -3 95 11 83 84 28 15 -20 -53 41 96 87 -65 96 -45 -75 -34 77 87 7 60 10 77 87 7 60 10 42 89 89 32 -35 80 -57 87 -69 -5 -97 -2 -63 14 99 59 -87 -45 -19 44 89 -66 -91 -6 -71 -100 -38 60 10 42 89 -35 7 60 10 42 89 32 -35 80 -57 87 -69 -5 -97 45 25 80 -57 14 99 59 -87 -45 -19 44 -45 -75 -34 77 87 
80 -33 -11 -32 -68 27 -33 -32 -33 27 80 -47 -33 -11 -32 -68 -11 -32 -68 27 -33 -32 -33 93 -85 8 16 -29 -65 48 26 25 22 98 42 55 -22 -4 -38 27 -48 -32 -12 27 80 -47 -33 -11 -32 -68 27 -33 -32 -33 93 -85 8 16 -29 -65 48 26 99 43 -7 59 64 27 -63 -14 32 72 -64 -65 84 54 21 -47 36 68 -81 -60 52 77 68 -81 -60 52 77 -81 68 -81 -60 52 77 -86 -29 1 -5 76 
46 -52 12 -6 73 78 -75 -27 -27 -50 79 82 58 -81 73 -80 -7 24 59 -86 60 43 -7 24 59 -86 60 43 23 41 68 -100 2 30 -89 46 -16 -9 57 -92 -1 -61 93 -64 -11 -16 -9 53 -25 58 22 41 -50 3 53 57 -24 -53 -99 -97 49 -75 -23 46 46 -76 -91 41 44 -87 53 -25 58 58 22 41 -50 3 53 57 6 -63 -90 91 50 -6 -90 91 69 88 -1 5 -12 -62 -33 100 5 -33 100 98 
69 69 11 70 -23 23 -81 -47 -97 53 51 -86 68 -66 58 70 43 -84 50 24 88 -58 12 -18 -100 -7 -69 21 -7 -11 46 81 -93 -90 88 -90 -30 91 -42 -32 -82 -1 42 85 -34 -54 42 54 75 97 42 -44 -29 -71 46 -34 -8 -1 80 -18 15 -78 5 -9 75 27 30 -35 99 21 -16 -47 13 79 -9 -79 -60 -59 76 -21 71 52 17 25 96 -60 -1 32 94 -2 -89 -59 -89 -59 -83 11 11 77 72 64 
15 -97 -51 74 -68 73 -56 70 -59 78 -84 -92 69 -89 -73 71 -66 92 -35 -27 88 91 -26 10 -57 -32 2 -92 67 51 -29 -27 -10 91 -4 86 -2 -39 56 -89 86 -31 12 -26 -34 27 61 92 16 -87 -87 -16 -97 28 24 48 5 -17 97 -100 7 92 61 23 38 56 -65 67 -23 52 54 -52 2 55 3 29 -58 98 -41 27 -27 7 -9 -85 47 35 -61 5 26 38 65 96 84 -5 82 90 4 93 15 11 
80 -1 -66 77 80 -54 47 -87 70 43 81 -67 -6 24 47 19 -91 -94 78 -39 -57 97 -99 -76 30 41 -31 13 -68 -5 -93 -81 41 96 95 -6 62 89 -13 44 66 27 -48 98 79 -88 6 54 66 86 41 79 -20 -7 -61 -24 -54 21 95 -10 -18 -96 -24 75 23 -96 -82 -93 34 19 10 62 87 -65 96 -45 -75 -34 77 87 7 60 10 42 89 32 -35 80 -57 87 -69 -5 -97 -2 -63 14 99 59 -87 -45 
-19 44 89 -66 -91 -6 -71 -100 -30 45 -88 25 22 98 42 55 -22 -4 -38 27 -48 -32 -12 27 80 -47 -33 -11 -32 -68 27 -33 -32 -33 93 -85 8 16 -29 -65 48 26 99 43 -7 59 64 27 -63 -14 32 44 72 -64 84 54 99 19 47 53 26 6 -29 -11 41 21 82 68 -47 -96 -11 58 -81 36 68 -81 -60 52 77 -86 -29 1 -5 76 46 -52 12 -6 -4 73 -46 -50 78 -75 -27 -50 79 82 58 -81 
73 -80 -7 24 59 -86 60 43 23 41 68 -100 2 30 -89 46 -16 -61 93 -64 -11 80 44 -31 -52 -63 41 44 -87 53 -25 58 22 41 -50 3 53 57 -24 -53 11 -19 99 -60 10 88 45 86 -4 -65 61 94 44 45 -55 -29 69 29 67 -58 -44 -92 62 19 57 59 -21 31 92 -20 23 -31 80 75 -50 -100 66 33 41 -82 -91 75 64 -40 10 21 73 -44 -44 75 76 -25 -41 60 -28 -2 -63 -20 4 1 
-12 -94 35 43 -51 -64 70 89 90 -57 5 45 67 -60 -33 -40 -72 -19 -66 -34 46 46 -13 33 0 19 -100 80 -98 95 -9 -1 98 -39 27 -76 97 15 2 -76 13 -61 8 -88 26 -34 -78 -48 96 50 -36 73 68 -35 33 67 56 -43 -88 46 -95 49 -26 -56 -25 -29 38 -30 -92 -27 -38 -76 -35 -87 -5 79 99 -87 -5 79 99 -75 -12 -94 -47 1 14 87 -16 55 -11 -48 92 -66 -74 98 93 15 77 -84 
15 77 -84 40 -14 80 93 -17 74 62 62 -58 -94 35 -13 -39 -72 -21 -27 32 -81 -86 -13 -38 -16 -13 -38 -16 71 39 -74 95 89 3 28 -36 -43 -70 65 -86 -98 -5 -53 -34 -20 16 81 -42 53 -34 53 87 -20 -99 54 -4 24 -32 15 -86 -58 -68 33 -74 -83 -62 42 -73 72 -21 -95 4 -7 -42 -32 -29 26 73 -55 100 -18 -61 -64 80 -33 -62 83 -87 66 10 89 66 10 89 -22 -72 -27 -22 30 -23 
-48 -61 -19 73 96 96 -79 70 -9 -64 70 76 -56 -85 36 -6 81 -91 52 -99 -58 -80 4 0 1 63 -99 -88 -89 -98 -42 -99 57 -65 -83 -80 30 56 6 45 -38 38 49 0 -47 76 -100 -20 -88 79 -56 -72 9 36 99 97 75 -80 84 71 77 65 -34 34 71 -42 -53 62 14 -4 -6 -89 83 23 -76 -88 9 -18 67 -54 17 -9 91 5 90 -56 3 -4 -76 -20 -18 15 -62 89 19 99 -85 54 27 -32 
58 80 -50 57 76 3 -57 -29 13 71 10 -70 -23 -11 15 3 -11 15 -83 -64 35 -56 82 -94 -25 68 -66 84 -50 -84 -7 -78 17 -27 -79 82 2 2 86 7 -98 89 29 99 68 88 88 9 30 -6 -55 -5 56 -87 27 -48 -18 47 -2 -74 -82 95 -67 7 23 -12 -28 -39 77 79 92 79 -21 69 69 11 70 -23 23 -81 -47 -97 53 51 -86 68 -66 58 70 43 -84 50 24 88 -58 12 -18 -100 -7 -69 
21 -7 -11 46 81 -93 -90 88 -90 -30 91 -42 -90 -42 -82 42 85 -34 -54 42 54 75 97 42 -44 -29 -71 46 -34 -8 -1 80 -47 13 79 -9 -79 -60 -59 76 -39 -60 2 -95 -22 47 -22 -79 33 -72 32 -3 92 29 35 -41 75 94 -61 -96 81 19 -21 71 52 17 25 96 -60 -1 32 94 -2 -89 -59 -83 11 77 72 64 -76 -89 -59 69 -89 -73 71 -66 92 -35 -27 88 91 -26 10 -57 -32 2 -92 67 
51 -29 -27 -10 91 -4 86 -2 -39 56 -89 86 -31 12 -26 -34 27 61 92 16 -87 -16 -97 28 24 48 5 -17 97 -100 7 92 61 23 38 56 -65 67 -23 52 54 -52 2 55 3 29 -58 98 -41 27 -27 7 -9 -85 47 35 -61 5 26 38 65 96 84 -5 82 90 4 93 15 11 80 -1 -66 77 80 -54 47 -87 70 43 81 -67 -6 24 47 19 -91 -67 -91 97 -99 -76 30 41 -31 13 -68 -5 -93 -81 
64 -19 -80 -28 52 22 -68 -24 -58 -34 -28 32 -74 60 15 -67 -28 37 -76 3 -35 -59 67 -82 78 -57 -60 -9 -96 92 -13 84 -89 68 48 55 8 26 -71 98 -3 95 11 83 84 28 19 15 -20 -53 41 96 95 -6 62 89 -13 44 66 27 -48 98 79 -88 6 54 66 86 41 79 -20 -7 -61 -24 -54 21 95 -10 -96 -24 75 23 -96 -82 -93 34 19 10 62 87 -65 96 -45 -75 -34 77 87 7 60 10 
42 89 32 -35 80 -57 87 -69 -5 -97 -2 -63 14 99 59 -87 -45 -19 44 89 -66 -91 6 54 66 86 41 79 -20 -7 -61 -24 -54 21 95 -10 -18 -96 -24 75 23 -96 -82 -93 34 19 10 62 87 -65 96 -45 -75 -34 77 87 7 60 10 42 89 32 -35 80 -57 87 -69 -5 -97 -2 -63 14 99 59 -87 -45 -19 44 89 -66 -91 -6 -71 -100 -30 45 -88 25 22 98 42 55 -22 -4 -38 27 -48 -32 -12 27 
80 -47 -63 -14 32 72 -4 -64 -65 84 54 99 19 47 53 26 6 -29 -11 41 21 82 68 -47 -96 -11 58 -81 36 68 -81 -60 52 77 -86 -29 1 -5 76 46 -52 12 -6 -4 73 -46 -7 24 59 -86 60 43 23 41 68 -100 2 30 -89 46 -16 -9 57 -92 -1 -61 93 -64 -11 80 44 -31 -52 -63 41 44 -87 53 -25 58 22 41 -50 3 53 57 -24 -53 -23 46 46 -76 -83 50 6 -91 -6 -67 -63 -48 
-85 -88 -19 73 96 96 -79 70 -9 -64 70 76 -56 -85 36 -6 81 -91 52 -99 -58 -80 4 0 1 63 -99 -88 -89 -98 -42 -99 57 -65 -83 -80 30 56 6 45 -38 38 49 0 -47 76 -100 -20 -88 79 -56 -72 9 36 99 97 75 -80 84 71 77 71 77 65 -34 34 71 -42 -53 62 14 -4 -6 -89 83 23 -76 -88 9 -18 67 -54 17 -9 91 5 90 -56 3 -4 -76 -20 -18 15 -62 89 19 99 -85 54 
27 -32 58 80 -50 57 76 3 -57 -29 13 71 10 -70 -23 -11 15 -83 -64 35 -56 82 -94 -25 68 -66 84 -50 -84 -7 -78 17 -27 -79 82 2 99 -31 83 -44 59 -81 47 -76 82 61 6 72 -68 -80 73 -72 -99 58 -71 86 7 -98 89 29 99 68 88 88 9 30 -6 -55 -5 56 -87 27 -48 -18 47 -2 -74 -82 95 -67 7 23 -12 -28 -39 77 79 92 79 -21 69 69 11 70 -23 23 -81 -47 -97 53 
51 -86 68 -66 58 70 43 -84 50 88 -58 12 -18 -100 -7 -69 21 -7 -11 46 81 -93 -90 88 -42 -32 -82 -1 42 42 -44 -29 46 -2 -89 -59 -83 11 77 72 64 -76 15 -97 -51 74 -68 73 -56 70 -59 78 -84 -92 69 -89 -73 71 -66 71 -66 92 -35 -27 88 91 -26 10 -57 -32 2 -92 67 51 -29 -27 -10 91 -4 86 -2 -39 56 -89 -39 56 -89 86 -31 12 -26 -34 27 61 92 16 -87 -16 -97 28 
24 48 5 -17 97 -100 7 92 61 23 38 56 -65 67 -23 52 54 -52 2 55 3 29 -58 98 -41 27 -27 7 -9 -85 47 35 -61 5 26 38 65 96 84 -5 82 90 4 93 15 11 80 -1 -66 77 80 -54 47 -87 70 43 81 -67 -6 24 47 19 -91 -94 78 -39 -57 97 -99 -76 30 41 -31 13 -68 -5 -93 -81 64 -19 -80 -28 52 22 -68 -24 -58 -34 -28 32 -74 60 15 -67 -28 37 -76 3 -35 -59 
67 -82 78 -57 -60 -9 -96 92 -13 84 -89 68 48 55 8 26 -71 98 -3 95 11 83 95 -10 -18 -96 -24 75 23 -96 -82 -93 34 19 10 62 87 -65 96 -45 -75 -34 77 87 7 60 10 42 89 32 -35 80 -57 87 -69 -5 -97 -2 -63 14 99 59 -87 -45 -19 44 89 -66 -91 -6 -71 -100 -66 45 55 -22 -4 -38 27 -48 -32 -12 27 80 -47 -33 -11 -32 -68 27 -33 -32 -33 93 -85 8 16 -29 -65 48 
26 99 43 -7 59 64 27 -63 -14 32 44 -54 75 80 15 -4 -64 -65 84 54 99 19 47 53 26 6 -29 -11 41 21 82 68 -47 -96 -11 58 -81 36 68 -81 -60 52 77 -86 -29 -81 -60 52 77 43 23 41 68 -100 2 30 -89 46 -16 -9 57 -92 -16 -9 57 -92 -1 -61 93 -64 -11 80 44 -31 -52 -63 41 44 -87 53 -25 58 -87 53 -25 58 22 41 -50 3 53 57 -24 -53 -99 -97 49 -75 -75 -23 
-85 -48 -61 -19 73 96 96 -79 -9 -64 70 76 -56 -85 36 -6 81 -91 52 -99 -58 -80 4 0 1 -99 -58 -80 4 0 1 63 -99 -88 -89 -98 1 63 45 -38 38 49 0 -47 -65 49 -56 -72 9 36 99 97 75 -20 -18 15 -62 89 19 99 -85 54 -50 71 10 -70 -23 -11 15 -83 57 -66 84 -50 -84 -7 -78 17 -27 -79 82 2 99 82 2 -44 -56 -25 -81 47 -76 -87 27 -48 -18 47 -2 -74 -82 95 
-74 95 -67 -12 92 79 -21 69 69 11 70 -23 69 11 70 -23 23 -81 -47 -97 53 -81 -47 -97 53 51 -86 68 -66 58 70 43 -84 50 24 24 -18 -100 -7 -69 21 -7 -11 46 -7 -11 46 81 -93 -90 88 21 46 -16 -47 13 79 -9 -79 -60 -59 76 -39 -60 -34 -82 -1 85 -47 13 79 -9 -79 -60 -59 -71 -18 -35 -78 5 -9 -59 47 -21 71 52 17 25 96 -60 2 -22 47 32 94 -2 -89 77 72 64 
-76 15 -76 15 -97 -51 74 -68 -56 70 -59 78 -84 -92 69 78 -84 -92 69 -89 -73 71 -66 92 -35 -27 88 91 -26 10 -57 -32 2 67 28 24 48 5 -17 97 -100 91 -4 86 -2 -39 56 -89 86 -31 12 27 61 92 16 -87 -16 -97 28 24 48 97 -100 7 92 61 23 38 61 92 16 -87 -16 -97 28 -100 61 23 38 56 -65 67 -41 27 -27 7 -9 -85 47 55 3 29 -58 98 -41 27 -23 52 54 90 
-1 -66 77 80 -54 47 -87 70 43 81 -67 -6 5 26 38 65 96 84 -5 84 -5 82 90 4 93 15 11 80 70 43 81 -67 -6 24 47 19 -91 -94 78 -39 -57 97 -99 -76 30 41 64 -80 -34 -28 32 -74 60 15 -67 -28 37 -76 3 -35 -59 67 -82 78 -57 -60 -9 -96 98 -3 19 -57 -60 -9 -96 92 -13 84 -13 -20 -53 41 96 95 -6 62 89 -13 44 66 27 -48 98 79 -88 6 54 66 86 66 
-93 19 10 62 87 -65 96 -45 -75 -34 77 87 7 60 10 42 44 86 41 -7 -7 -61 -24 -54 21 -30 45 -88 25 22 98 42 55 -22 -4 -38 27 -48 -32 -12 27 80 -47 -33 -11 -32 -68 27 -33 -32 -33 93 -85 8 16 -29 87 -97 -87 60 42 80 -57 87 -69 -5 -97 -2 -63 14 99 59 -87 -6 -71 -100 -30 45 -88 25 -11 27 59 64 27 -63 -14 32 44 27 -14 32 44 -54 75 15 72 84 47 53 
26 6 -29 -11 41 21 82 68 -96 -11 58 -81 -11 36 68 -60 52 77 -86 -29 1 -5 76 46 -52 12 -6 -4 73 -46 -50 78 -75 43 41 43 23 41 68 -100 2 30 -89 46 -16 -9 57 -92 -1 -61 93 -64 -11 80 44 -52 -63 44 -31 -52 -63 41 44 -87 -28 -2 -63 -20 4 1 -12 -94 35 43 -51 -64 70 89 90 -57 48 -52 -22 -23 -2 -63 -20 4 1 -12 -94 35 43 -51 -64 70 89 90 -57 48 
-85 -88 -48 -61 -19 73 96 96 -79 70 -9 -64 70 76 -56 -85 36 -6 81 -91 52 -99 -58 -80 4 0 1 63 -99 -88 -89 -98 -42 -99 57 -65 -83 -80 30 56 6 45 -38 38 49 0 -47 76 -100 -20 -88 79 -56 -72 9 36 99 97 75 -80 9 -18 67 -54 17 -9 91 5 90 -56 3 -4 -76 -20 -18 15 -62 89 19 99 -85 54 27 -32 58 80 -50 57 76 3 -57 -29 13 71 10 -70 -23 -11 15 -83 
-64 35 -56 82 -94 -25 68 -66 84 -50 -84 -7 -78 17 -27 -79 82 2 99 -31 83 -44 59 83 -2 -74 -82 95 -67 7 23 -12 -28 -39 77 79 92 79 -21 69 69 11 70 -23 23 -81 -47 -97 53 51 -86 68 -66 58 70 43 -84 50 24 88 -58 12 -18 -100 -7 -69 21 -7 -11 46 81 -93 -90 88 -90 -30 91 -42 -32 -82 -1 42 85 -34 -54 42 54 75 97 42 -44 -29 -71 46 -34 -8 -1 80 -18 15 
-78 5 -9 75 27 30 -35 99 21 -16 -47 13 79 -9 -79 -60 -59 76 -39 -60 2 -95 -22 47 -22 -79 33 -72 32 -3 92 29 35 -41 75 94 -61 29 35 -41 75 94 -61 -96 81 19 -21 71 52 17 25 96 -60 -1 32 94 -2 -89 -59 -83 -83 11 77 72 64 -76 -76 15 -97 -51 74 -68 73 -56 70 -59 78 -84 -92 69 -89 -27 88 91 -26 10 -57 -32 2 -92 67 51 -29 -27 -10 91 -4 86 -2 -39 
56 -89 86 -31 12 61 92 16 12 -26 -34 -17 61 23 38 56 -65 67 -23 52 54 -52 2 55 3 29 -58 98 -41 27 -27 7 -9 -85 47 67 -23 52 54 -52 2 55 3 29 -58 98 -41 27 -27 7 -9 -85 47 35 -61 5 26 38 65 96 84 -5 82 -65 67 -23 52 54 -52 2 55 3 29 -58 98 -41 27 -27 7 -9 -85 47 35 -61 5 26 38 65 96 84 -5 82 90 4 93 15 11 80 -1 -66 
77 80 -54 47 -87 70 43 81 -67 -6 24 47 19 -91 -94 78 -39 -57 97 -99 -76 30 41 -31 13 -68 -5 -93 -81 64 -19 -80 -28 52 22 -68 -24 -58 -34 -28 32 -74 60 15 -67 -28 37 -76 3 -35 -59 37 3 -35 -59 67 -82 78 -57 -60 -9 -96 92 -13 48 -3 -13 44 66 27 -48 98 79 -88 6 54 66 86 41 79 -20 -7 -61 -24 -54 21 95 -10 -18 -96 -24 75 23 -96 -82 87 -65 96 -45 -75 
-34 77 87 7 60 10 42 89 32 -35 80 -57 87 -45 -19 44 89 -66 -91 -6 -71 -100 -30 45 -88 25 22 98 42 55 -22 -4 -38 27 -48 -32 -12 27 80 -47 -33 -11 -32 -68 27 -33 -32 -33 93 -85 8 16 -29 -65 48 26 99 43 -7 59 64 27 -63 -14 32 44 -54 75 80 15 -64 -65 84 54 -4 -64 -65 54 -29 -11 41 21 82 68 -47 -96 -11 58 -81 36 68 -81 -60 52 77 -86 -29 1 -5 76 
-85 -88 -61 -19 73 96 96 -79 70 -9 -64 70 76 -56 -85 36 -6 81 -91 52 -99 -58 -80 4 0 1 63 -99 -88 -89 -98 -42 -99 57 -65 -83 -80 30 56 6 45 -38 38 49 0 -47 76 -100 -20 -88 79 -56 -72 9 36 99 97 75 -80 84 71 77 65 -34 34 71 -42 -53 62 14 -4 -6 -89 83 23 -76 -88 9 -18 67 -54 17 -9 91 5 90 -56 3 -4 -76 -20 -18 15 -62 89 19 99 -85 54 27 
-32 58 80 -50 57 76 3 -57 -29 13 71 10 -70 -23 -11 15 15 -94 -25 68 -66 84 -50 -84 -7 -78 17 -27 -79 82 2 99 -31 83 -44 86 88 -55 -5 56 -87 27 -48 -18 47 -67 7 23 -12 -28 -39 77 79 92 79 -21 69 69 11 70 -23 23 -81 -47 -97 53 51 -86 68 -66 58 70 43 -84 50 24 88 -58 12 -18 -100 -7 -69 21 -7 -11 46 81 -93 -90 88 -90 -30 91 -42 -32 -82 -1 42 -82 
-1 42 85 -34 -54 42 54 75 75 97 42 -44 -1 13 79 -9 -79 -60 -59 76 -39 -60 2 -95 -22 47 -22 -79 33 -72 32 -3 92 29 35 -41 75 94 -61 -96 81 19 -21 71 52 17 25 96 32 94 -2 -83 77 72 64 -76 15 -97 -51 74 -68 73 -56 70 -59 78 -84 -92 69 -89 -73 71 -66 92 -35 -27 88 91 -26 10 -57 -32 2 -92 67 51 -29 -27 -10 91 -4 86 -2 -39 56 -89 86 -31 12 -26 
-34 27 61 92 16 -87 -16 -97 28 24 48 5 -17 97 -100 7 92 61 23 38 56 -65 67 -23 52 54 -52 2 55 3 29 -58 98 -41 27 -27 7 -9 -85 47 35 -61 5 26 38 65 96 84 -5 82 90 4 93 15 11 80 -1 -66 77 80 -54 47 -87 70 43 81 -67 -6 24 47 19 -91 -94 78 -39 -57 97 -99 -76 30 41 -31 13 -68 -5 -93 -81 64 -19 -80 -28 52 22 -68 -24 -58 -34 -28 32 -74 
60 15 -67 -28 37 -76 3 -35 -59 67 -82 78 -57 -60 -9 -96 92 -13 84 -89 68 48 55 8 26 -71 98 -3 95 11 83 84 28 19 15 -20 -53 41 96 95 -6 62 89 -13 95 95 -6 62 89 -13 44 66 27 6 54 66 86 41 -61 -24 -54 21 95 -10 -18 -96 -24 75 23 -96 -82 -93 34 19 10 62 87 -65 96 -45 -75 -34 77 87 7 60 10 42 89 32 -35 80 -57 87 -69 -5 -97 -2 -63 14 
59 -87 -45 -19 6 54 66 -61 -24 -54 21 95 -10 -18 -96 -24 75 23 -96 -82 -93 34 19 10 62 87 -65 96 -45 -75 -34 77 87 7 60 10 42 89 32 -35 80 -57 87 -69 -5 -97 -2 -63 14 99 59 -87 -45 -19 44 89 -66 -91 -6 -71 -100 -30 45 -88 25 22 98 42 55 -22 -4 -38 27 -48 -32 -12 27 80 -47 -33 -63 -14 32 44 75 80 15 72 -4 15 -4 -64 -65 54 41 21 82 68 -47 -96 
53 -85 -88 96 96 -79 70 -9 96 -79 70 -9 -64 70 76 -56 -85 36 -6 81 -91 52 -99 -58 -80 4 0 1 63 -99 -88 -89 -98 -42 -99 57 -65 -83 -80 30 56 6 45 -38 38 49 0 -47 76 -100 -20 -88 79 -56 -72 9 36 99 97 75 -80 84 71 77 65 -34 34 71 -42 -53 62 14 -4 -6 -89 83 23 -76 -88 9 -18 67 -54 17 -9 67 -54 17 -9 91 5 90 -56 3 -4 -76 -20 -18 15 -62 
89 19 99 -85 54 27 -32 58 80 -50 57 76 3 -57 -29 13 3 -27 -79 -78 -27 2 99 -31 83 -44 59 -81 47 -76 82 61 6 72 -68 99 68 88 88 9 68 88 88 9 30 -6 -55 -5 56 -87 27 -48 -18 47 -39 92 79 -21 69 69 11 70 -23 23 -81 -47 -97 53 23 53 51 -86 68 -66 58 70 43 -84 50 24 43 -84 50 24 88 -58 12 -18 -100 -7 -69 21 -7 -11 46 81 -93 -90 88 -90 
-30 91 -42 -32 -82 -1 42 85 -34 -54 42 54 75 97 42 -44 -29 -71 46 -34 -8 99 21 -16 -47 13 79 -9 -79 -60 -59 76 -39 -60 2 -95 -22 47 -22 -79 33 -72 32 -3 92 29 35 -41 75 94 52 17 25 96 -60 -1 32 94 -2 -89 -89 -59 -83 11 -76 15 -97 -51 -56 69 -66 92 -66 92 -35 -27 88 91 -26 10 -57 -32 2 -92 67 51 -29 -27 -10 91 -4 86 -2 -39 56 -89 86 -31 12 -26 
-34 27 61 92 16 -87 -16 -97 28 24 48 5 -17 97 -100 7 92 61 23 38 56 -65 67 -58 98 -41 27 -27 7 -9 -85 47 35 -61 5 26 38 65 96 84 -5 82 90 4 93 15 11 80 -1 -66 77 80 -54 47 -87 70 43 81 -67 -6 24 47 70 43 81 -67 -6 24 47 19 -91 -94 78 -39 -57 97 -99 -76 30 41 -31 13 -68 41 -31 81 19 -91 -94 78 -39 -57 97 -99 -76 30 41 -31 13 -68 
-5 -68 -5 -93 -81 64 -19 -80 -28 52 22 -68 -24 -58 -34 -28 32 -74 60 15 -67 -28 37 -76 3 -35 -59 67 -82 78 -57 -60 -9 -96 92 -13 84 -89 68 48 55 8 26 -71 98 -3 95 11 83 84 28 19 15 -20 -53 41 96 95 -6 62 66 79 -48 98 79 -88 6 54 66 86 41 79 -20 -7 -61 -24 -54 21 95 -10 -18 -96 -24 75 23 -96 -82 -93 34 19 10 62 87 -65 96 -45 -75 -34 77 87 
7 60 10 42 89 32 -35 80 -57 87 -69 -5 -97 -2 -63 14 99 59 -87 -45 -19 44 89 -66 -91 -6 -71 -100 -30 45 60 10 42 89 32 -35 80 -57 87 -69 -5 -97 -2 -63 14 99 59 -87 -45 -19 44 89 -66 -91 -6 -71 -100 -30 45 -88 -30 55 27 27 -33 -32 -33 93 -85 8 16 -29 -65 48 26 99 43 -7 59 64 27 -63 -14 32 44 -54 75 80 15 72 -4 72 -64 -65 84 54 99 19 47 53 
-85 -48 -61 -48 -61 -19 73 96 96 -64 70 76 -56 -85 -58 0 -89 -98 -42 -99 57 -65 -83 1 -99 -98 -42 -99 57 -65 30 21 -16 -47 13 79 -9 -79 -60 -59 -78 27 30 -35 99 -47 76 -60 -99 58 -71 86 7 -98 89 29 99 68 88 88 46 -34 80 -9 21 -16 -47 13 79 -9 -79 94 -61 -96 81 19 -21 71 52 17 25 96 -60 -1 32 94 94 -2 -89 -59 11 77 72 64 -76 15 -97 -51 74 -68 
73 -56 70 -59 78 -84 -92 69 -89 -73 71 -66 92 -35 -27 88 91 10 10 -57 -32 2 -92 67 51 -29 -27 -10 91 -92 67 -16 28 91 -4 86 -27 -10 91 -4 86 -2 -39 56 -89 -97 28 24 48 38 -65 -52 2 55 3 29 -58 98 -41 27 -27 7 -9 -85 47 35 -61 5 26 38 65 96 84 -5 82 90 4 93 15 11 80 -1 -66 77 80 -54 47 -87 43 19 -85 47 80 -1 -66 77 80 -54 47 -5 
82 90 4 93 15 11 80 -1 -66 77 80 -54 -28 22 -68 -24 -58 -34 -28 32 37 -82 -96 -13 -76 3 -35 -59 67 -82 78 26 -24 -58 -34 -28 32 -74 60 15 -67 -28 37 -76 3 -35 -59 67 -82 78 -57 -60 -9 68 95 11 83 -3 19 15 -20 -53 41 -20 -53 87 -65 96 -45 -75 -34 77 87 7 60 10 42 89 32 -35 80 -57 87 -69 -5 -97 -2 -63 14 99 59 -87 -45 -19 44 89 -66 -91 -6 -71 
-100 -30 45 -88 25 22 98 42 55 -22 -4 -38 27 -48 -32 60 10 89 32 -35 80 -57 87 -69 7 60 80 45 -88 25 22 98 42 55 80 -57 87 -69 -5 -97 14 99 -45 -75 -34 80 -47 -33 -11 -32 -11 -32 27 -33 -11 -32 26 99 43 -7 59 64 27 -63 -14 32 44 72 -4 -64 -65 21 82 68 -47 -96 -11 58 -81 36 68 -81 -60 52 68 -60 -81 36 68 -81 -60 -81 -60 -5 -4 73 -46 -50 78 -75 
-27 -50 -5 76 46 -52 12 -6 -4 73 -46 -50 -7 -86 41 46 -16 -9 57 -92 -1 -61 93 -64 -11 80 44 -31 -52 -63 41 44 -16 -9 57 -92 -1 -61 93 -64 -11 80 44 -31 -52 -63 41 41 -50 3 53 46 46 -76 -83 50 6 -91 -6 -67 -63 41 44 -87 53 -25 -87 58 58 41 6 -91 -6 -67 -63 -90 91 69 50 6 -91 -6 -67 -63 -48 -90 91 69 -1 5 -12 -62 100 98 29 98 29 4 56 -78 
11 -19 99 -60 10 1 35 88 45 86 -4 -65 61 94 44 45 -55 -29 69 29 1 35 -4 -65 -29 69 29 67 -58 -44 -92 67 -58 -44 -92 62 19 57 59 -21 31 92 -20 23 -31 80 33 41 -82 -91 75 64 -40 10 21 73 -44 75 76 -25 -41 60 -28 -2 -63 -20 4 -94 35 43 -51 -64 70 89 90 -57 48 10 31 16 43 -52 -22 -23 50 -91 92 -64 81 87 -48 -29 -46 51 34 -59 5 -25 89 -60 
59 -86 60 43 23 41 68 -100 2 30 -89 46 -16 -9 57 -92 -1 -61 93 -64 -11 80 44 -31 -52 -63 41 44 -87 53 -25 58 22 41 -50 3 53 57 -24 -53 -99 -97 49 -75 -23 46 46 -76 -83 50 6 -91 -6 -67 -63 -48 -90 91 69 88 -1 69 88 -1 5 -12 -62 100 98 29 4 56 -78 11 -19 99 -60 10 46 1 35 88 45 86 -4 -65 61 94 44 45 -55 -29 69 29 67 -58 -44 -92 62 19 
57 59 -21 31 92 -20 23 -31 80 75 -50 -100 66 33 41 -82 -91 75 64 -40 -28 -2 -63 -20 4 1 -12 -94 35 43 -51 -64 70 89 90 -57 48 10 31 16 43 -52 -22 -23 50 -91 92 -64 81 87 -48 -29 -46 51 34 -59 5 -25 89 -60 69 80 6 40 -38 -65 55 -36 -60 -33 -40 -72 -19 -66 -34 46 -13 33 0 -88 -28 -18 42 -61 19 -100 80 -98 95 -9 -1 98 -39 27 -76 97 15 2 -76 13 
-61 8 -88 26 -34 -78 -48 96 -24 50 -36 73 67 56 -43 -88 46 -95 49 -26 -56 -25 -29 38 -30 -92 -27 -38 -76 -35 -87 -5 79 99 -75 -12 -94 -47 1 -12 -94 -47 1 1 14 87 -16 55 -11 -48 92 -66 -11 41 4 9 -33 -74 98 93 9 -33 -74 98 93 15 77 -84 40 -14 80 93 -17 74 62 -58 -94 35 -13 -39 -72 -21 -27 32 -81 -86 -13 -38 -16 71 39 -74 95 89 3 28 -36 -43 -70 65 
-86 -98 -15 -5 -53 -86 -30 20 66 -33 -29 -92 -34 -20 16 81 -42 53 -34 20 53 87 -20 -99 54 -4 24 -32 15 -86 -58 -68 33 -74 -83 -62 42 -73 72 -21 -95 4 -7 -42 -32 -29 26 73 -55 100 -18 -61 -64 80 -33 -62 83 -87 66 10 89 -22 -72 -27 -22 30 -23 30 -10 -55 24 39 6 79 -14 -87 -49 5 -77 59 29 77 -33 61 -68 11 -44 90 -4 92 -66 -11 41 4 9 -33 -74 98 93 15 
98 93 15 77 -84 40 -14 80 93 -17 74 62 -58 -94 35 -13 -39 -58 -94 35 -13 -39 -72 -21 -27 32 -81 -86 -81 -86 -13 -38 -16 71 39 -16 71 39 -74 95 89 3 28 -36 -70 65 -86 -98 -15 -5 -53 -86 -30 20 66 -33 -29 -92 -34 -20 16 81 16 81 -42 53 -34 -34 20 53 87 -20 -99 54 -4 24 -32 15 -86 -58 -68 33 -74 -86 -58 -68 33 -74 -83 -62 42 -73 72 -21 -95 4 -7 -42 -32 -32 
-29 26 73 -55 100 -18 -61 -64 80 -33 -62 83 -87 66 10 89 -22 89 -22 -72 -27 -22 30 -23 30 -10 -55 24 39 6 79 -14 -87 -49 5 -77 59 29 77 -33 61 -68 11 -44 90 -4 43 -56 22 -49 -42 -42 -63 -32 -12 -97 31 -29 -38 23 8 -20 26 -86 16 35 -62 -53 -92 54 -48 -11 -35 51 -61 -89 58 15 72 -7 48 -37 35 96 -69 -63 -97 -86 1 -20 -69 99 25 -29 12 31 40 50 98 -85 
76 4 0 1 63 -99 -88 -89 -98 -42 -99 57 -65 -83 -80 30 56 6 45 -38 38 49 0 -47 76 -100 -20 -88 79 -56 -72 9 36 99 97 75 9 -18 67 -54 17 -9 91 5 90 -56 3 -4 -76 -20 -18 15 -62 89 19 99 -85 54 27 -32 58 80 -50 57 76 3 -57 -29 13 71 10 -70 -23 -11 15 -83 -64 35 9 30 -6 -55 -5 56 -87 27 -48 -18 47 -2 -74 -82 95 -67 7 23 -12 -28 -39 77 
79 92 79 -21 69 69 11 70 -23 23 -81 -47 -97 53 51 -86 68 -66 58 70 43 -84 50 24 88 -58 12 -18 -100 -7 -69 21 -7 -11 46 81 -93 -90 88 -90 -30 91 -42 -32 -82 -1 42 85 -34 -54 42 54 75 97 42 -44 -29 -71 46 -34 -8 -1 80 -18 15 -78 5 -9 75 27 30 -35 99 21 -16 -47 13 79 -9 -79 -60 -59 76 -39 -60 2 -95 -22 47 -22 -79 33 -72 32 -3 92 29 35 -41 75 
94 -61 -96 81 19 88 -90 -30 91 -42 -32 -82 -1 42 85 -34 -54 42 54 75 97 -44 -29 -71 46 94 94 -2 -89 -59 -59 -83 -76 15 -97 -51 -97 -51 74 -68 73 -56 70 -59 78 -84 -92 69 -89 -73 71 -66 92 -35 -27 88 91 -26 10 -57 -32 2 -92 67 51 -29 -27 -10 91 -4 86 -2 -39 56 -89 86 -31 12 -26 -34 27 61 92 16 -87 -16 -97 28 24 48 5 -17 97 -100 7 92 61 23 38 56 
-65 67 -23 52 54 -52 2 55 3 29 -58 98 -41 27 -27 7 -9 -85 47 35 -61 5 26 38 65 96 84 -5 82 90 4 93 15 11 80 -1 -66 77 80 -54 47 -87 70 43 81 -67 -6 24 47 19 -91 -94 78 -39 -57 97 -99 -76 30 41 -31 13 -68 -5 -93 97 13 -68 -5 -93 -81 64 -19 -80 -28 52 22 -68 -24 -58 -34 -28 32 -74 60 15 -67 -28 37 -76 3 -35 -59 67 -82 78 -57 -60 -9 -96 
92 -13 84 -89 68 48 55 8 26 -71 98 -3 95 11 83 84 28 19 15 -20 -53 41 96 95 -6 62 89 -13 44 66 27 -48 98 79 -88 6 54 66 86 41 79 -20 -7 -61 -24 -54 21 95 -10 -18 -96 -24 75 23 -96 -82 -93 34 19 10 62 87 -65 96 -45 -75 -34 77 87 7 60 10 42 89 32 -35 80 -57 87 -69 -5 -97 -2 -63 14 99 59 -87 -45 -19 44 89 -66 -91 -6 -71 -100 -30 45 -88 
25 22 98 42 55 -22 -4 -38 27 -48 -32 -12 27 80 -47 -33 -11 -32 -68 27 -33 -32 -33 93 -85 8 16 -29 -68 27 -33 -32 -33 93 -85 8 16 -29 -65 48 26 99 43 -7 59 64 27 -63 64 27 -63 -14 32 44 75 72 -4 -64 -65 84 54 99 19 47 53 26 6 -11 58 68 -81 -60 52 77 -86 -29 1 -5 76 46 -52 12 -6 -4 73 -46 -50 78 -75 -27 -50 79 82 58 -81 73 -80 -7 24 59 
-48 -61 -19 73 96 96 -79 70 -9 -64 70 76 -56 -85 36 -6 -80 4 0 1 63 -99 -88 -89 -98 -42 -99 57 45 -38 38 49 0 -47 76 -100 -20 -88 79 -56 -72 9 36 99 97 75 -80 84 71 77 65 -34 34 71 -42 -53 62 14 -4 -6 -89 83 23 -76 -88 9 -18 67 -54 17 -9 91 -94 -25 68 -66 84 -50 -84 -7 -78 17 -27 -79 82 2 99 -31 83 -44 59 -81 47 -76 82 61 6 72 -68 -80 
73 -72 -99 58 -71 86 7 -98 89 29 99 68 88 88 9 30 -6 -55 -5 56 -87 27 -48 -18 47 -2 -74 -82 95 -67 7 23 -12 70 -23 23 -81 -47 -97 53 51 -86 68 -66 58 70 43 -84 50 24 88 -58 12 -18 -100 -7 -69 21 -7 -11 46 81 -93 -90 97 42 -44 -29 -71 46 -34 -8 -1 80 -18 15 -78 5 -9 75 27 30 -35 99 21 -16 -47 13 -82 -1 42 85 -34 -54 42 54 75 97 42 -44 
-29 -71 46 -34 -8 -1 80 -18 15 -78 5 -9 75 27 30 -35 99 21 -16 -47 13 79 -9 -79 -60 -59 76 -39 -60 2 -95 -22 47 -22 -79 33 -72 32 -3 92 29 35 -41 75 94 -61 -96 81 19 -21 71 52 17 25 96 -60 -1 32 94 -2 -89 -59 -2 -89 -59 -83 74 -68 73 -56 70 -59 78 -84 -92 69 -89 -73 71 -66 92 -35 -27 -35 -27 88 91 -26 10 -57 -32 2 -92 67 51 -29 -27 -10 91 -4 
86 -31 12 -26 -34 27 61 92 27 61 92 16 -87 56 -89 86 -31 12 -26 -34 27 61 92 16 -87 -16 -97 28 24 48 5 -17 97 -100 7 92 61 23 38 56 -65 67 -23 52 54 -52 2 55 3 29 -58 98 -41 27 -27 -9 -85 47 35 -61 5 26 38 65 96 84 -5 82 90 4 93 15 11 80 -1 -66 77 80 -54 47 -87 70 43 81 -67 -6 24 47 19 -91 -94 78 -39 -57 97 -99 -76 30 41 -31 
13 -68 -5 -93 -81 64 -19 -80 -58 -34 -28 32 -74 60 15 -67 -28 37 -76 3 -35 -59 67 -82 78 -57 -60 -9 -96 92 -13 84 -89 68 48 55 8 26 -71 98 -3 95 11 83 84 28 37 -76 3 -35 -59 67 -82 78 -57 -60 -9 -96 92 -13 84 -89 68 48 55 8 26 -71 98 -3 95 11 83 84 28 19 15 -20 -53 41 96 95 -6 62 89 -13 44 66 27 -48 98 79 -88 6 54 66 86 41 79 -20 
-7 -61 -24 -54 21 95 -10 -18 6 54 66 -7 -61 -24 -54 21 95 -10 -18 -96 -24 75 23 -96 -82 -93 34 19 10 62 87 -65 96 -45 -75 -34 77 87 7 60 10 42 89 32 -35 80 -57 87 -69 -5 -97 -2 -63 14 99 59 -87 -45 -19 44 89 -66 -91 -6 -71 -100 -30 45 -88 25 22 98 42 55 -22 -4 -38 -33 93 -85 8 16 -29 -65 48 26 99 43 -7 59 64 27 -63 -14 32 44 -54 72 -4 -4 
-85 -88 -48 -61 -19 73 96 96 -79 70 -9 -64 70 76 -56 -85 36 -6 81 -91 52 -99 -58 -80 4 0 1 63 -99 -88 -89 -98 -42 1 57 49 0 -72 -80 84 71 -42 -53 62 14 -4 -6 -89 83 23 -76 -88 9 -18 67 -56 3 -4 -76 -20 -18 15 -62 89 19 99 -85 54 -74 76 13 71 10 -70 -23 -11 15 -83 -64 35 -56 82 -94 -25 68 -66 84 -50 -84 80 83 61 6 72 -68 -80 73 -72 -99 58 
-71 86 7 56 95 -67 7 23 -12 -28 -39 77 79 92 79 11 70 -47 -97 53 51 -84 50 24 88 -58 12 -18 -100 -7 -69 21 -90 -90 -30 91 -42 42 -44 -29 46 -2 -89 -2 -76 73 -84 -73 71 -66 92 -35 -27 88 91 -26 10 -57 -32 2 -92 -32 2 -92 67 -2 -39 56 -89 86 -31 12 -26 -34 27 61 92 16 -87 12 -58 61 -9 2 5 82 -61 -54 47 -87 70 43 81 -67 19 -57 -93 -81 64 22 
-68 -24 -58 -34 -28 32 -74 60 15 -67 -28 37 -76 3 -35 -59 67 -82 78 -57 -60 -9 -96 92 98 83 95 -10 -18 -96 -24 75 23 -96 -82 -93 34 19 10 62 87 -65 96 -45 -75 -34 77 87 42 80 -57 -97 59 89 -66 -91 -6 -71 -100 -30 45 -88 25 22 98 42 55 -22 -4 -38 -12 27 -85 8 16 -29 -65 48 26 99 43 -7 59 64 27 -63 -14 32 44 -54 80 15 80 15 -4 -65 84 54 99 19 
47 53 26 -47 -96 -11 58 -81 36 68 -81 -60 52 77 -86 -29 1 -5 76 46 -52 12 -6 -4 73 -46 -50 78 -75 -27 -50 79 82 58 -81 73 -83 41 -87 53 -25 -50 49 -75 -23 46 46 46 -76 -83 50 6 -91 -6 -67 -63 -48 -90 91 69 88 -1 5 -12 -62 -33 100 98 29 4 56 -78 11 -19 99 -60 10 46 1 35 88 45 86 -1 5 -12 -62 -33 100 98 29 4 56 -78 11 -19 99 -60 10 46 
1 35 88 45 86 -4 11 -19 99 -60 10 46 1 35 88 45 86 -4 -65 61 94 44 45 -55 -29 69 29 67 -58 -44 -92 62 19 57 59 -21 31 92 -20 23 -31 80 75 -50 -100 66 -94 35 43 -51 -64 70 89 90 -57 48 10 31 16 43 -52 -22 -23 50 -91 92 -64 81 87 -48 -29 -46 51 34 -59 5 -25 89 -60 69 80 6 40 -38 -65 55 -36 27 -21 63 -38 5 -93 -93 5 45 67 -60 -33 -40 
-72 -19 -66 -34 46 -13 33 0 -88 -28 -18 42 -61 19 -100 80 -98 95 -9 -1 98 -39 27 -76 97 15 2 -76 13 -61 8 -88 26 -34 -78 -48 96 -24 26 -34 -78 -48 96 -24 50 -36 73 68 67 56 -43 -88 46 -95 49 -26 -56 -25 -29 49 -26 -56 -25 -29 38 -30 -92 -27 -38 -76 -35 -87 -5 -87 -5 79 99 -75 -12 -94 -47 1 14 87 -16 55 -11 -48 92 -66 -11 41 4 9 -33 87 -16 -11 41 4 
-85 96 96 -79 70 -9 -64 70 76 -56 -85 36 -6 81 -91 52 -99 -58 -80 70 76 -56 -85 36 -6 81 -91 52 -99 -58 -80 4 0 1 63 -99 -88 -89 -98 -42 -99 57 -65 -83 -80 30 56 6 45 -38 38 49 0 -47 76 -100 -20 -88 79 -56 -72 9 36 99 62 -18 67 -54 17 -18 -54 -56 3 -4 -76 -20 -18 15 -62 89 19 99 -85 54 27 -32 58 80 -50 57 76 3 -57 -29 13 71 -27 -79 82 -78 
17 -27 -79 82 2 99 -31 83 -44 59 6 72 -68 -80 99 88 88 9 30 -6 -55 -5 56 -87 27 -48 -18 -39 77 79 -21 69 69 -23 23 -81 -47 -97 53 51 53 51 -86 68 -66 58 70 -86 81 -93 -90 88 -90 -30 91 -42 -32 -82 -1 42 85 -34 -54 42 54 75 97 42 -44 -29 -71 46 -34 -8 -1 80 -18 15 -78 5 -9 75 27 30 -35 99 21 -16 -47 13 79 -9 -79 -60 -59 76 -39 -60 2 -95 
-22 47 -22 -79 33 -72 32 -3 92 29 35 -41 75 94 -61 -96 81 19 -21 71 52 17 25 96 -60 35 -41 75 94 -61 -96 81 19 -21 71 17 32 94 -2 -89 -89 -59 -83 11 -76 15 -97 -51 74 -68 73 -56 70 -59 78 -84 -92 69 -89 -73 71 -66 92 -35 -35 -66 92 -26 10 -57 -32 2 -92 67 51 -29 -27 -10 91 -4 86 -2 -39 56 -89 86 -31 12 -26 -34 27 61 92 16 -87 -16 -97 28 24 -87 
-16 -97 28 24 48 5 -17 97 -100 7 92 61 23 56 -65 67 -23 52 54 -52 2 55 3 29 -58 98 -41 27 -27 7 -9 -85 47 35 -61 5 26 38 65 96 84 -5 82 90 4 93 15 11 80 -1 -66 77 80 -54 47 -87 70 43 26 38 65 96 84 -5 82 90 4 93 15 11 80 -1 -66 77 80 -54 47 -87 70 -76 30 41 -31 13 -68 -5 -93 -81 81 -67 -6 24 47 19 -91 -91 -76 30 41 -31 
13 -68 -5 -93 -81 64 -19 -80 -28 52 22 -68 -24 -58 -34 -28 32 -74 60 15 -67 -28 37 -76 3 -35 -59 67 -82 78 -57 -60 -9 -96 48 11 83 84 -53 41 96 95 -6 62 89 -13 44 66 27 -48 98 79 -88 6 54 66 -48 98 79 -88 6 54 66 86 41 79 -20 -7 -61 -24 -54 21 95 -10 -18 -96 -24 75 23 -96 -82 98 79 -88 6 54 66 86 41 79 -20 -7 -61 -24 -54 21 95 -10 -18 -96 
-24 75 23 -96 -82 -93 34 19 10 62 87 -65 96 -45 -75 -34 77 87 7 89 32 -35 80 -57 87 -69 -5 -97 -2 -63 14 99 59 -87 -45 -19 44 89 -66 -91 -6 -71 -100 -30 45 -88 25 22 98 42 55 -22 -4 -38 27 -48 -32 -12 27 80 -47 -33 -11 -32 -68 27 -33 -32 -33 93 -85 8 16 -29 -65 48 26 99 43 -7 59 64 27 -63 -14 32 44 -54 80 15 -4 -64 84 54 99 19 47 53 26 6 
53 -85 -88 -48 -61 -19 73 96 96 -79 70 -9 -64 70 76 -56 -85 36 -6 81 -91 52 -99 -58 -80 4 0 1 63 -99 -88 -89 -98 -42 -99 57 -65 -83 -80 30 1 63 -99 -88 -89 -98 -42 -99 57 -65 -83 -80 30 56 6 45 -38 38 49 0 -47 76 -100 -20 -56 -72 -20 -18 15 -85 54 27 -32 58 80 -50 57 76 3 -57 -29 71 10 -70 -23 -11 15 -83 57 76 3 -57 -29 13 71 10 -70 -23 -11 15 
82 2 99 -31 83 -44 59 -81 47 -56 82 -94 -25 68 -66 84 -81 47 -87 27 -48 -18 47 61 6 72 -68 -80 73 -72 -74 -82 95 -67 7 23 -12 -28 -39 77 92 79 -21 69 69 11 70 -23 23 -81 -47 -97 53 51 -86 68 -66 58 70 43 -84 -86 68 -66 58 70 43 -84 50 24 88 -58 12 -69 -7 46 21 -7 -11 46 81 -93 -90 88 -90 -30 91 -42 -32 -82 -1 42 85 -34 -54 42 -82 -1 42 85 
-34 -54 42 54 75 97 42 -44 -29 -71 46 -34 -8 -1 80 -18 15 -78 5 -9 75 27 30 -35 99 21 -16 -47 13 79 -9 -79 -60 -59 76 -39 -60 2 -95 -22 47 -22 -79 33 -72 32 -3 92 2 -95 -22 47 -22 -79 33 47 32 94 -2 -89 -76 15 -97 -51 74 -68 73 -56 70 -59 78 -84 -92 69 -89 -73 71 -66 92 -35 -27 88 91 -92 67 51 -29 -27 -10 91 -4 86 -2 -39 56 -89 86 91 -39 -31 
12 -26 -34 27 61 92 16 -87 -16 -97 28 24 48 5 -17 97 -100 61 -87 -100 7 92 61 23 38 56 -65 67 -23 52 54 -52 -41 -27 7 -9 -85 47 35 -61 5 26 38 65 96 84 -5 82 90 4 93 15 11 80 -66 -85 47 35 -61 5 26 38 65 96 84 -5 82 90 4 93 15 -1 -66 77 80 -54 47 -87 70 43 81 -67 -6 24 47 -28 52 22 -68 -24 -58 -34 -28 32 -74 60 64 -19 -80 -28 
52 22 -68 -24 -58 -34 -28 32 -74 60 15 -67 -28 37 -76 3 67 98 -3 95 11 83 84 28 19 15 -20 -53 41 96 95 -6 62 89 -13 44 66 27 -48 -20 96 89 -13 44 66 27 -48 98 79 -88 6 54 66 86 41 -93 34 19 10 62 87 -65 96 -45 -75 32 -35 80 -57 87 -69 -5 -97 -2 -63 14 99 59 -87 -45 -19 44 89 -66 86 41 79 -20 -7 -7 -61 -24 -54 21 95 -24 -54 21 95 -30 
45 89 32 -35 80 -57 87 -69 -5 -97 -2 -47 -85 87 -69 -5 -97 -2 -63 14 99 59 -87 -45 -19 60 10 42 89 32 -35 -69 99 -6 -30 -11 -32 -68 27 -33 -32 -33 59 27 27 -63 -14 32 75 15 72 -4 -64 -65 84 54 99 19 47 53 26 6 -29 -11 41 21 82 68 -96 -11 58 -81 -11 58 -81 36 68 -81 -60 68 -81 -60 52 77 -86 -29 1 -5 76 46 46 -6 43 23 41 68 -100 2 30 43 
