100 100
-6214 -54504 -30091 -10124 24343 81727 23788 17678 -11256 10508 2489 37633 29587 22574 14923 9669 -29851 -10424 -31540 -22612 -50451 12120 -22043 -7288 30751 15709 -15533 -52000 24282 24531 -30952 -42180 -4228 19176 16076 12775 -16034 -5732 -9657 4264 33955 2633 -13455 14118 49278 7270 6308 -4184 62509 -23358 10066 -24349 1496 -23994 10981 -32706 -23334 -15096 59408 46352 18942 95230 49942 58983 39596 -2848 50585 -6304 10516 13335 26706 -1326 -61738 -23863 -15246 9086 8764 -10294 -21492 23922 -36949 64209 -8731 17272 68767 71544 50115 -29152 3843 -2851 34872 81967 -976 57672 62171 -51314 -45977 38244 10041 -10859 
-4324 -48748 -39546 -11974 21470 72660 60737 6822 -37480 24143 14146 57457 61331 -14609 -73599 1344 -22912 39415 -23416 -22882 8429 -43448 38645 -18869 62229 31305 -9737 -4855 -31820 17723 -16629 -5679 18884 10736 31743 -18413 -790 11800 -14218 13003 18545 -50539 -220 11588 19182 68731 30771 15808 61053 -15209 18638 -50703 -24075 -28437 -13838 21940 -3611 -7990 14872 30198 21018 47464 38716 -26772 43646 35863 51444 20724 -14371 -15155 39591 -8428 -29326 33084 1487 9612 60785 -67303 2082 -20188 -43161 9810 17571 -35663 11809 67900 -36019 37964 3042 -42568 65195 62009 -50623 14125 4578 30600 -32554 23847 -71330 -58855 
21558 -43547 12429 18100 61320 52806 -58674 -55441 -14723 -24001 -77001 94489 -5856 -45915 46011 55503 24416 -20440 -78533 924 15783 57639 20099 -19598 49205 -64892 5867 -24949 18445 44163 -23608 24393 -65714 24745 -20490 9633 -10503 21457 44900 -49199 -12840 -11808 58133 34456 19649 80652 -15411 -1204 32905 -34917 19079 -2110 -12989 16073 -49526 12983 10024 6318 -21450 34881 16356 29888 16683 -8363 31392 -2841 23288 -18469 8718 32502 6774 -59772 -40840 13722 -21429 54319 -72420 -65729 -15276 -14437 36135 32576 23461 111963 799 56630 -79842 53485 -63745 -42751 -47843 7441 2373 -4396 22701 38659 -23632 -41097 35755 25243 
7471 -50348 -26214 -14450 8831 48656 7564 -45845 -10453 46528 1723 -5824 -44430 -48648 1241 -34963 10339 7490 -26176 -93101 -33878 -39431 -32318 -51641 -5532 -13788 -14863 23526 9330 3523 -12243 -30929 33756 -7670 25940 -52494 36332 -19574 25499 32097 -28799 -4756 -7291 -17448 13748 -29694 72409 -59582 11891 72699 -23365 -14429 -41155 -5977 -8515 15998 -3340 -19504 9517 2515 -48733 26234 25585 1860 -15389 12820 -19781 -17350 34452 -37343 22887 6210 18147 -31699 -39079 27521 -7093 56326 -7101 39495 18744 321 -6736 22106 8203 -28388 -6314 58252 10330 42070 -18026 72826 -54095 7051 21064 4990 50316 -4126 32592 19500 
17705 47992 -547 47500 24382 -6937 30122 28340 31646 13044 -9241 12344 -20162 -4478 32675 28783 15385 -55718 17014 8208 -33070 6920 -6627 -4826 8823 11531 30543 -40783 -11249 17917 33974 87514 11338 27209 -44927 3867 -18596 13913 28892 -423 -60460 33925 -21671 4122 -39449 -36730 -7297 -64815 -58149 8063 -23551 -39689 18038 -61141 -28567 -42330 11377 -78498 60222 14391 48672 -53661 -5062 -94231 -19721 -50514 17103 15876 51272 15307 -390 26140 3375 -71711 33604 64445 -63442 -11606 -23742 3637 35859 44867 29247 19312 2064 6294 4609 -1304 -28948 -12863 2304 -48623 -22386 41619 -2951 27463 -30571 12390 20671 -44308 
24942 -17287 -40964 37096 21008 -16951 45845 -26221 25823 -49549 1497 42382 -20353 5189 62731 -17080 -39748 22378 -23388 -11641 -33377 -17986 -30449 -15285 -19036 -2806 -35460 -13696 16746 -21319 42361 5633 -11640 3129 2328 29972 -17280 -5978 -71212 3786 33768 12906 -4730 -12113 17184 -56335 -18060 -17976 27220 74861 1800 18596 -5353 43530 -13025 -28952 -9126 -19829 17399 26625 -111424 20384 -3250 -21004 6245 11908 -44569 -14114 -15486 -21111 32110 -35948 8443 20892 -7535 1998 72029 15910 -66058 32584 -10212 -6928 26443 4996 37184 16820 -50856 77304 -21128 11853 -33282 -25091 -38393 -29540 21970 57453 71882 11438 39358 3874 
-22656 85939 -30716 30994 -11112 -19780 41045 -14852 -27081 15649 9185 10441 14792 27155 38952 18568 -49664 -5750 -23669 -37041 -51834 -53887 -39452 22687 -64440 -11479 -16193 -27124 -9186 -2450 2624 -39817 -8428 6526 -26874 -33399 8750 22749 -41192 58417 -4709 9965 -28251 49276 16127 7353 46739 -40089 19681 52013 -28168 10381 -41064 23514 81530 -7183 28820 -42102 -51280 87040 36483 22146 -13809 47686 -23009 20619 -22999 -22855 -59694 12496 -13091 52051 18892 27708 52239 -69025 -19837 -15582 21374 -6873 8286 -43867 -13395 6049 -35416 -49446 -26223 -27934 -20933 22966 -15392 43021 1479 -37870 -68029 -38178 9658 -21851 -39990 84265 
19689 5490 6927 57166 83651 76038 -6176 -11520 -28119 74990 16532 10075 792 47109 21196 11531 19312 -15118 -7708 20283 21548 -41006 -67855 2325 -14623 17736 -6428 10631 -23944 -46804 -26206 -8571 -10679 18965 -23599 40382 -19334 27491 43782 54394 3717 -25890 21753 38709 -22052 30988 -340 22555 -67756 -40909 -86941 -77184 12814 -8222 37340 -24342 -17141 1108 -34865 43299 52769 -14163 -21025 -33783 26702 -21076 1090 -193 36003 -12816 51780 47209 146 -18041 90086 36845 -38033 -35673 85477 12259 21565 -18807 8773 46158 23094 12614 -35260 -20017 5071 65331 11967 37468 -7756 29925 -18657 -18367 -22836 -41845 -26381 2758 
-13747 -8337 34567 -5593 -13048 64270 -13901 39806 -4590 -24819 15703 -37823 -11029 -32549 4211 -12130 -27725 34428 -82937 -13631 100692 -64309 23458 43656 11560 12690 -102612 -30860 -70266 -38352 27575 -19838 -22128 -58385 73823 -60964 26692 -55932 29942 -120468 -21813 21671 26565 -29452 7785 5043 28762 -74948 -58241 84191 4117 -23513 -34250 -33683 22595 11356 38924 -51547 24017 -54007 -51526 16773 64699 -39198 39694 -25505 61128 -15432 -13333 -23414 22525 1501 -69160 6196 -57060 25193 -13159 67952 -27785 10344 33563 -22232 2631 18917 -8607 -59185 14169 3068 36089 7843 -19282 6841 95333 -19689 6806 59952 53540 41882 18592 54970 
27606 -19106 -36175 -7444 -7727 -12199 -5850 26001 -56820 35616 40660 50354 -22160 -6759 -68272 44882 80518 10523 34502 -42325 -40280 45546 22012 1449 -22755 -83804 -60254 47629 -30137 8777 13871 12177 -1474 -30083 -16354 -931 46616 38889 2319 16129 46083 22006 62010 -2529 -21149 91428 -45353 -44937 34841 -30002 2912 48688 -50035 -19121 3444 2975 -60917 12522 -18466 34255 100443 -38892 26675 22079 112878 -20211 19690 93031 -71320 -5117 34146 26090 58668 57922 12106 -68775 -15854 3749 51441 -19592 9622 2780 34568 96902 -28630 -33727 14622 -10323 -47114 34314 -46795 -5645 -72258 1711 28422 23000 -52592 56737 -19015 -26329 
-37330 -48004 339 22293 -26139 24659 18749 -13837 23762 47915 22961 57595 -2216 -528 -20429 11487 -11579 16178 8655 69469 14063 -27637 8194 -32876 -23961 -8299 -38581 -83389 25787 -11097 -940 -31232 96658 -56215 -62940 -7616 -47917 -10652 -294 10254 -30489 -14731 -7574 -28608 34814 -4911 -9674 96456 -56148 26844 -7187 29529 9201 -13421 31824 -25917 63464 -26473 28538 74527 -27069 33187 2173 -13368 -36147 -32933 17289 -19503 -10955 -15110 6961 13383 -13785 -22715 28437 67419 -33323 -35200 23594 11211 16082 -32393 39172 -830 15758 41725 -13171 3932 4437 -7591 -1709 -57056 52917 -13578 -7715 -21498 -22511 -24114 -7384 -2228 
-11249 -14422 26895 -31685 -3721 17815 -21186 1127 64366 -45564 -15669 -50383 -32186 -23543 -299 -6883 -77355 32996 -57789 1322 22429 -58789 -58001 -29091 -48004 65556 11347 4939 33253 -34493 4957 3331 -3355 -79755 -56575 -32331 18443 15787 49298 175 -29409 21116 37215 45118 6573 37549 -22348 37539 -9035 41247 -36731 -97932 10320 -60932 -63343 589 46037 25580 24029 -6749 8949 -832 120 26039 -37060 -23014 -14094 31865 -12433 -25006 -13134 -12740 19427 994 32639 43748 -41596 -101734 -9086 -16293 32269 -29736 -3735 -13152 56060 -23724 10601 -14116 18295 -38798 20926 -44905 24425 24757 69711 23261 -71444 -31791 77353 -39551 
-17141 24101 -16053 -32061 5801 -298 61341 34136 9597 47483 38155 4361 9865 -29387 51415 -12021 28413 -41098 52829 -545 -20655 -41504 -65588 -26462 -11053 42754 18274 -22495 76230 -71051 -31802 -2133 27960 2760 44198 -27468 -4358 -27223 15691 -38473 4364 1838 -57808 21991 -4248 -15589 24098 1346 -20611 15561 31983 -34237 10968 -60197 26826 -38142 5111 -7852 37811 4693 -1672 35236 -100 -3458 -60931 -21044 -34922 -26631 26712 -15196 -52332 3772 -20211 -7008 28178 -28678 -81984 34837 33169 -36997 15794 -16588 -4938 1731 17542 -16859 514 -79734 10797 10269 -6343 -56346 17670 64456 3183 -22605 -42117 -59190 -12261 -5488 
39113 -23137 33231 7584 -10627 -17973 -57698 -24800 38521 22424 -49301 50642 -3530 45707 52923 12702 -25760 3777 25378 68570 2997 10885 67567 7692 21326 10252 18096 29703 19648 -24645 -7660 37641 -28661 17986 18473 40211 -4214 10658 19711 57681 -13632 20514 16983 -27944 1583 27181 -6160 -13871 52523 -1088 -11096 24542 -5463 -17831 -50224 -15119 -47913 -8721 16948 35164 38796 14161 -65611 26043 86743 36845 -7424 23524 30909 11768 39465 2015 -50474 89717 45236 -11078 36506 -35473 -21910 49420 15697 24104 -2485 75440 -39760 -25861 -93404 288 -21386 25536 -9379 33634 -22304 -44604 -2145 -59925 -13089 10599 -1739 1483 
39399 8595 -27390 -8715 -29948 58169 -62830 9345 6144 48443 45878 -71884 35884 -59967 -3885 12412 10722 11377 -533 -6168 -74609 -36964 51291 -14050 -18593 28869 -22121 -60526 17668 -5756 62505 -76494 520 3977 -31068 -30853 43629 17962 18704 -37438 21355 -13122 -18036 8296 -27544 -19678 35143 26703 -14272 10903 -7012 6094 35724 -57651 52599 8641 4201 20338 3571 9537 34869 -11858 -9811 37550 33761 14170 -9318 9158 10026 -9371 59038 66706 -50293 39060 5170 -19523 43931 43911 24015 -57731 -21630 -19082 26648 -7377 -21424 -35715 -12511 -19858 2839 -23804 26257 54433 6247 -40479 55258 -5391 -19682 70237 47911 -57346 
5382 17131 27059 -4642 76290 -14615 26789 -12801 -19641 -62811 52273 54762 -54036 8794 -67884 4057 51218 7695 -57971 -34779 1386 49180 32099 5101 4097 -24454 -5804 -56246 6383 -10198 11761 43078 61298 -2489 -29322 -7817 31111 31944 4243 -23708 -15058 -31440 51888 -22831 64786 37567 -3371 -5337 17747 3686 -24294 20306 18088 -24308 65013 8816 -31929 -51572 17881 15604 8400 -10155 72842 76945 -27816 23186 -5748 31307 -20481 949 10482 41108 5086 -13432 2859 28298 25273 -60317 18827 -5831 103751 -24943 11989 60576 -29623 22553 35113 23019 -23878 -6995 58 56393 -39959 1942 -68837 19240 -21859 -72231 15259 -40220 
-66339 -29231 40752 -69226 278 -25269 21949 15582 36586 -35009 1044 5448 36717 33166 27607 13381 -1579 2066 -22679 48128 16213 -18912 11700 4084 35194 -51200 -6568 -82475 -16634 -71792 -48167 40251 -47922 -16369 -24055 -39954 17022 -50315 -40931 -72745 -26072 1300 -23294 -62361 -38654 28112 21797 -36924 668 15317 -20155 -240 33788 44152 -72631 -86459 402 23549 13966 21994 1532 12964 1650 14594 27150 -17535 -15044 -34249 24930 17423 -23559 72500 -56504 36096 -25862 -12323 -43166 88638 -24389 35129 26206 54850 -18822 27080 7443 18270 32687 -12678 -71920 24378 -10745 61161 101776 -34444 38237 -74608 74079 20895 21647 24388 
41551 -1447 -39263 11334 31178 20979 44383 -72822 32036 -40513 32743 28072 17794 28363 29120 -15780 15597 -73145 5878 -4166 -78404 50425 -43193 27951 -12621 -5013 4096 -6873 -15350 3274 -32595 -35432 36571 7986 -21495 -40117 -45950 22496 -28847 26732 -17894 -16469 12908 23715 35344 18427 -19924 16692 -21848 -9816 36991 -9284 37417 -57670 50563 62664 10342 -508 24116 53128 44325 -30929 13318 21683 46361 -28867 68106 -8744 46406 -4337 -25440 10554 -19215 15569 21445 -7386 -69103 -48498 50165 -21307 41752 -1500 -25845 31702 532 42683 -12571 13129 -58844 5878 4400 -7721 -30998 11235 -91358 -8591 -20378 -37716 -19899 -6271 
-19568 11588 35624 -63575 -19417 -30634 -9340 15200 -4367 45629 -10604 29438 34834 57519 -50522 46844 4390 7683 8947 9371 -38532 20052 -56346 37361 -9441 18227 23900 -5875 31246 -39099 -43715 45231 55096 22215 -36710 1916 3550 7781 -11790 -32971 -3567 7772 22817 -24631 -8322 3218 79339 11746 -29990 18442 5274 19094 -9064 14066 -22728 10081 13344 -56702 8675 52884 17638 159 29036 -44564 -1834 47597 26932 -49700 -35180 -25211 -15510 -13774 28194 -3323 -22510 -55816 -45325 77391 -4155 5967 -2645 7685 -6024 10291 -8023 -9357 6069 -6066 -46504 -42382 36009 37719 11330 50494 10902 -12051 -667 58485 28160 3862 
-38968 -23835 -1010 -24403 44542 22723 -61859 -54613 16863 -21450 -70145 66288 -4892 2518 -8012 -22498 -1290 6977 -42273 -33664 38184 -27546 44431 -54653 36927 -5264 -7872 -19761 -31661 -47173 -667 2477 -23876 -26287 6007 -39954 9027 35333 26973 -4859 -35429 -2375 82214 6379 27808 51507 16176 27514 -40358 41773 9282 32095 -39463 -656 -47448 -25325 -15667 12168 -15728 -38282 -12827 28968 67666 9281 -30776 -31289 19731 -47460 290 -5247 -3681 -39555 -110641 23006 11129 19073 -54508 -48501 -10503 5978 32369 -7648 -12273 44477 27541 31248 4615 44043 33750 -52610 -8359 -4240 19378 7045 -26445 29316 34321 -35641 40787 -30262 
-15002 32785 19487 26970 16563 -61767 -39721 19346 -18473 53842 -9724 -58730 31585 -65831 -53642 16748 85967 14775 -22076 -10478 53717 32739 46552 19214 -13514 -48060 9299 -25207 -4901 -24100 33923 8789 29606 11808 81366 -7960 41203 22477 40047 -43161 21938 -25811 1998 -1145 60831 11915 32213 -28515 35525 28889 10915 -68929 -12385 -8571 -2514 10320 -30734 37664 7082 -23065 -25580 -31697 14469 40126 -16915 21660 -52567 7600 -24080 -8146 -41690 61470 -1610 -47566 3638 34301 -24268 32535 23969 -26870 -29789 -7754 -20982 -18874 10415 16456 38532 -19801 -37889 12571 -35053 6700 1942 21005 -22393 3551 4754 -76420 -14761 -52910 
2164 538 -44861 7700 87 57962 -20057 -19153 51137 -54755 54071 98904 -33387 26529 11092 -10197 -16009 -61277 -19270 -65203 -115852 27810 -95490 1499 2225 -42320 -62253 -2177 -33120 20923 -3973 -63250 16184 24073 -83720 -18334 -16541 -9608 -56454 87577 13819 18540 -3090 37647 16444 72136 19636 -9063 10042 21270 25930 48880 1002 76849 19271 -16589 5679 -41788 24648 74061 33627 49551 -27863 76456 7405 11016 14207 14043 -25009 35040 64737 34161 -11859 34253 37369 -56881 9790 -26075 71 -14572 11330 30123 15867 -41395 48955 29560 48796 27601 -42258 6694 40779 34748 -44688 -883 4114 40459 -42655 28483 21251 -14656 
-8761 -58090 -45097 -15205 -10784 237 18365 -31431 -72967 25097 -71225 47416 25066 -8716 -38471 7335 -8751 21085 3485 -53957 -5398 26666 -31498 -27929 23926 -48201 11577 36849 -6250 7320 -51930 -23954 22503 48741 -22435 11388 -50327 23440 32968 45385 -20021 16198 2194 36844 -10195 -26846 27258 -53840 7026 -15212 34904 53774 -78571 -45198 67012 25016 -14922 -11762 -63884 -3877 11697 -8080 -9220 -65371 70625 -21110 -878 -361 -19461 31531 8530 -50564 7989 -36338 20047 25784 -30941 -11921 -6648 76311 6130 18680 -55364 66906 -59812 28156 6025 16101 27597 60303 -2588 -1540 9793 2293 -5990 12017 56057 13301 -25242 30767 
33825 -23672 -31666 13059 42829 2265 21568 -36864 697 -44271 24753 22678 9765 -26842 29889 -30528 -43784 17869 7828 -49310 -30216 -31527 -5770 -11721 -10885 -33203 -35427 13928 -11096 -8920 -12220 -72256 -23423 -43152 -30086 -7934 9523 39383 -24049 39329 9695 6325 27965 41347 34183 6922 -97034 -14321 52018 11444 -51628 74899 -60196 -68586 79335 58956 -20297 -9085 -12563 10643 13914 -7735 30458 40566 9183 22540 1370 28190 -81644 -11846 -7876 9911 44047 -42272 -4161 -22115 -25132 -17670 3980 -45641 46520 42393 -1150 -26599 -11745 44817 -21021 -22274 -5127 38014 -22214 23929 -55881 35311 -46630 67445 -7056 37056 -52351 -23320 
3099 -11055 -20504 2109 -123938 22176 -20235 -49585 -2642 48387 -36841 -27327 39291 -41684 12055 -30711 -641 -2738 16146 -9965 -21366 -1685 11013 12103 52487 -37643 17069 -40914 -35462 -5540 28019 -4886 -13370 6224 2547 -12588 -18807 14460 -22262 -18558 1373 -34253 40498 -28628 15341 -14885 56290 -10034 -44315 92545 27932 -25696 3632 35902 -43583 -52846 15065 -28505 -14473 -19162 26390 -21524 41558 -30084 16724 -3052 -7018 38675 33680 13167 -20770 2358 -14962 -20744 -19978 -2882 -33047 81674 14240 6117 1133 -7112 12907 -14648 65927 3289 -23931 -26244 85049 -67652 -1758 -12550 8560 9396 62436 2140 20687 50458 40303 49406 
45682 -5022 -24634 32995 48830 7660 2546 -16756 -30128 34791 -41968 -9969 -26197 -50690 58567 15169 14616 -18469 35931 -51893 20947 24182 -2279 -1422 1852 14266 16342 59544 7432 58280 -22689 34532 3432 83651 107023 -20722 10971 -41892 8767 -11320 10137 -11226 -40739 4075 6208 14773 20032 -36971 15323 -40874 34244 23965 -10823 -24667 8648 37174 28777 -1608 -18164 -33066 -53308 37969 -12230 -17594 9780 15502 -25108 40750 -54727 -7001 11970 -26554 10246 -41983 -44706 -16762 22808 28660 49429 9242 -55218 2266 -5174 -57615 -25548 5360 19920 -1197 -77894 76652 22131 16709 15834 19932 -8984 36603 9729 56197 -35104 -31077 
-415 1515 44561 529 13859 3871 -1778 9307 3910 -10143 -4693 -1000 30369 5706 -32935 22292 27603 31915 -43384 10530 -15452 24708 6774 -25195 10132 -25749 37544 -27438 11643 23829 -16993 15685 8891 -47280 5531 31582 -2529 13274 30060 21432 71901 -6816 16352 -17672 14323 -6055 10675 34843 52575 -26411 -63829 19260 -11821 82505 -73000 -19260 -12431 43407 -4240 -37707 -31733 -19939 22266 40703 6467 26367 18523 -8560 11249 -41465 1451 32074 61491 19370 42725 60778 -2261 -12355 -18357 23019 26703 -31135 3625 -2682 6285 42520 -37049 513 -10555 -47358 46139 9795 958 -55568 -16519 668 21969 -69278 -6193 -37303 
-3935 -40745 34038 -28449 15950 -50310 33898 39565 14821 -62225 38327 -31802 18876 1844 -17809 -31292 -12587 43265 -14758 -12948 -18487 11276 -43258 -34027 -1173 11839 73864 -29561 34799 -20590 -36133 -52168 19567 50885 -47215 -36078 61065 -48218 45328 -31915 31171 -47224 -32057 -76669 -12972 -7307 -50012 21262 50337 -16026 -12824 -39537 -25854 1013 45039 -11862 56762 20819 10831 -23842 6091 71516 -103857 80200 -47162 -33170 -45278 -5202 -50136 -23895 16212 -16448 35458 31345 -53732 34695 16276 -3084 28906 -48182 -35935 -26660 59515 2027 20318 -32453 -12888 -41632 1088 69688 10146 -7080 30561 19681 22793 6336 -17077 -18283 13586 -12494 
78951 -32819 56031 -22147 65127 37298 -20525 -22742 -17560 56217 18098 -61518 26179 63237 24876 -3112 42948 15387 50105 50377 29647 -21529 59343 -1027 5543 19120 27909 65740 22669 5949 38918 -5976 6689 1996 -4669 -17709 -87388 8993 36860 34268 9822 83331 45683 31913 52208 80723 -21034 95579 5326 3635 14676 48025 63730 -57483 -19396 23570 -15179 27007 16467 -8980 270 28939 -49061 3230 14125 15650 -9969 48395 53597 -65012 15960 -27208 11852 54045 -61267 -43957 16396 -8834 -11264 -32782 -24637 11673 43652 11654 -185 -23161 -43642 -13126 -11772 45411 -24732 -8483 -66221 15142 19980 -964 -40856 -18719 -15090 -33265 
-34124 -12773 52426 -20911 5925 40821 46789 -4537 41646 -9602 9582 -17672 2709 27231 106330 -21584 -11128 -31009 579 13554 15932 -43164 -58336 22738 45478 21558 -8213 45521 6327 -32482 -24538 17573 16452 -47043 -19712 10005 1094 -34642 5596 12735 -52794 27459 -57315 -38251 -83011 -16999 -2848 -2453 4544 69467 -25090 -30083 11873 -15697 3955 -46188 32402 -41774 2868 12501 15963 30831 -73547 -10877 32281 -44271 37774 12891 34698 -64900 64608 -1325 53695 -7737 -43136 -30136 -27443 -3533 -13166 38592 37482 24770 25073 54506 16898 -23869 -21039 17831 -27893 72346 10673 16169 6437 12902 2263 -68572 40751 9817 11914 -8358 
62143 11922 -12152 82987 25858 -22152 -73415 -40893 -9162 28891 10482 9599 -28705 72608 -8690 -67032 44643 32918 -22453 26824 59357 12160 39587 -38968 18418 -10495 -57564 -19520 21988 25818 -37393 23717 12387 29709 68396 19034 22952 12043 -31376 10334 7593 359 4165 32531 50909 34913 11635 39677 30276 -39017 48379 80591 -13365 -11303 66877 -11294 -28986 -26548 -2474 -87492 -20051 -5541 -2430 17682 62852 18091 35777 -51046 14008 -7538 37143 -68537 -80461 61252 -78954 -21685 17989 -21371 12441 12422 17960 9237 33302 25863 -64184 15035 2237 57392 51969 10418 -11626 38758 -6485 -12391 -32400 20873 6667 19366 -16511 -22981 
-22182 58194 -17650 46604 -8944 -57593 60126 -11625 9848 1373 -39467 7163 -1819 41862 -8205 -22991 -10511 -39455 22172 36186 -54002 39798 -35932 53514 -24097 40280 54550 -9719 -3161 -12429 -6459 53744 22439 32455 44414 9468 -13042 11225 -1878 16677 -5690 -65148 12427 -21144 11887 18450 -32636 9453 6098 8785 22178 6965 3320 10826 -4325 -14432 113 -20040 -12834 6095 84695 -5235 26267 50633 1041 63824 -19841 34941 -59824 10500 -44976 47034 -23762 36789 45998 -49603 -17532 -22768 1316 23014 -61673 -9605 -22322 1870 -33585 27006 -49465 14091 31010 -25335 63752 -15977 -6815 33698 14684 -63118 -26387 -20460 -37955 30984 
50716 33618 56477 -8268 -13210 2894 -64443 9871 6079 89534 -77118 -8567 -19098 7857 -15076 1309 -1304 51763 -6841 27412 31358 -13845 65826 70186 -33648 -14644 -17187 43581 42394 23297 65672 19657 42720 -35768 -16640 86021 -1771 46714 46311 42415 -73262 13394 -14617 -14542 11916 10782 2998 -14631 -29240 28343 -23885 -24279 9455 -1058 -16139 -25626 -43780 -11149 28658 42867 8172 18792 18243 -39481 -12868 -9479 28084 48597 577 12751 24520 -32685 13624 1671 81357 22963 77897 -56201 10026 -1027 14530 -27177 33759 1533 -50058 -36169 629 14509 -16140 -1363 22530 9201 -28425 30564 36800 -47825 -77085 31382 -6347 20837 
-31725 -2922 -24338 -7284 40259 -1428 8462 32683 24809 -19545 34549 8333 -6513 -12416 -11235 27796 -26335 41825 -28369 -63243 35613 -1182 13609 -45689 28091 32601 -35741 -629 -8750 -21682 2107 -49744 20520 4016 -6148 -28959 17719 -28418 38292 -76987 12901 -4970 12653 -5964 7851 -14390 21970 -16819 52639 13032 30835 -50612 5663 36904 -35485 -48802 12369 -69562 -17131 -36991 -26931 29376 -15832 -13134 31950 -31564 -52543 11620 -3505 9317 44727 -34448 -514 8949 -23815 -34603 25695 30945 -64489 4475 7645 -8422 25319 23843 23935 -33391 -34300 16788 33468 -24195 -26015 10688 22822 16719 17973 44820 30309 16732 8611 28770 
45407 19174 9683 39111 -13110 64843 -79800 27087 -39649 48898 -37850 -26241 32375 28278 -17671 12035 -4688 -24523 -5580 -50825 -16617 -56619 26652 -44689 -4457 -4726 -83691 22009 -95449 42034 -54934 -89676 62716 -5919 62934 -44971 -2644 -81400 44731 7933 -48627 30251 -2669 12057 58906 47331 28411 32619 -8978 -38340 6175 33877 -65000 22598 21672 39515 -529 -92865 35271 -20285 39731 6567 40507 81837 37556 40789 43606 4896 19961 51550 -22310 5796 -5606 19954 29513 -26745 -44068 41933 -30028 8626 -3265 32196 -39149 -30194 -29172 -9727 14560 40799 7795 36180 41247 19295 9092 -4997 -40378 32177 -10100 21842 1126 49955 
-15855 -41024 -25063 20748 -23651 4212 -18562 2385 -20140 12616 28237 -76862 -33533 6729 -31693 58484 -31409 4873 -15554 -50238 17114 13866 -25504 -63090 -43313 21610 -41130 15646 -28809 -41122 -52066 -96013 46393 27333 -36006 8577 51118 16495 16203 54420 -19829 34738 66067 93961 27926 -48420 10852 5629 -11815 74055 -85716 -43553 57475 59281 38078 17557 44097 22121 17053 25681 3585 -41646 -37589 -53504 -6933 19449 35264 -28261 70470 13166 28315 -11677 60038 -36262 -1512 -84 -11659 -1402 15803 -16130 12372 -48024 -53819 7839 11259 -49281 65663 -47411 28190 -25638 -7003 -22273 -3484 38601 -19411 41566 5076 29679 47857 9118 
-30101 20164 -82463 3825 -3300 38279 64426 62013 -3944 -31308 2215 52229 -41381 -6304 2375 10859 -78086 3678 9990 -12959 -14824 -54858 -88707 11384 -32146 65223 -57260 -12195 20543 -58739 -5789 -56441 23223 -46307 -12127 -90457 -47390 -24161 -30525 13976 48985 -65395 -40456 -19181 -72188 17356 -19630 13375 -14912 63602 -64276 -24236 -31564 -38350 58652 -38541 22492 2181 -23932 46018 -20995 -10200 42019 -59504 3699 -8061 15516 10198 -75434 -45564 12049 38251 -57091 59767 61492 -58309 69911 29986 -15799 36780 -28680 -11919 -7068 -33991 7821 41749 -70678 -17682 -12969 7220 -8441 12988 2906 -45623 -18837 -19126 -1989 11677 -30405 -93850 
21130 -29503 -22691 -6017 -22593 56050 33065 -18278 26635 -28028 37686 -26393 24051 -14056 33809 -13317 -24315 -16230 -35868 -6017 -40417 -11531 -2953 -9717 -2786 9155 -24600 13403 -23798 8136 -7315 -11092 11954 -28648 -33674 3068 -20508 -37490 -14758 -43106 -24446 -16802 11186 -46413 47158 25552 16606 17855 -44736 -24926 55655 -32120 -17769 -22437 -22975 43539 24910 -10115 110334 33257 -56040 48952 30327 9178 -63302 4882 7230 35007 -12485 15122 2908 22120 35032 -11545 -16987 14006 -24181 33215 -11427 -76797 33871 13041 36984 -59058 23241 43812 21292 -10118 40076 58783 21516 -5415 5704 16487 63032 12887 -17140 -191 36569 45278 
-5825 49372 41285 -4891 -2433 8627 22509 -19422 21748 -75150 21488 -1618 5943 14853 12096 20380 -32327 -51610 -2589 15118 -11413 16612 -47166 9456 -5489 13587 -4987 22666 -11211 22161 -7622 12021 -34073 -67358 -56768 -18203 -45423 54942 -25310 8081 -62838 -38968 -496 19680 -60165 -32822 717 -27181 54602 20747 -5244 -63528 26591 -29326 -6301 17310 27719 59655 19723 60476 10457 -37377 -53725 25614 -18911 5805 -12313 8091 35296 -6012 -42539 30144 40264 -21080 -22020 44327 -14231 3535 -11534 -29872 3322 80338 -10590 -44477 -2034 9614 -16020 -22878 17237 1891 24915 10517 4059 -28314 25169 -29317 38356 -58030 33723 -19412 
-8637 19636 -7874 13892 68036 76365 -17164 29758 -18566 16690 -13258 -3360 14672 24112 56172 -26079 -53178 -6135 20135 -12671 47198 -31633 -20472 -13704 -7196 33285 40291 26233 -23643 -7812 -568 -1939 -56549 -4914 -10528 -9567 -41990 -44962 33507 -38382 -36401 21814 -34909 2001 -52979 15363 34662 43531 22628 -51324 35553 -16528 17248 -11843 -5300 -37402 35652 10744 -32087 -50106 -35179 4570 6614 31137 9429 -83264 6789 -17979 -7634 -70272 22041 -2678 16266 25503 59922 9062 2864 -63846 52984 1055 -66698 -18675 19657 33910 27117 10289 -50882 39483 -3761 44376 20032 -17407 -16216 -19350 -41444 13632 46120 -23646 -25592 1873 
2164 538 -44861 7700 87 57962 -20057 -19153 51137 -54755 54071 98904 -33387 26529 11092 -10197 -16009 -61277 -19270 -65203 -115852 27810 -95490 1499 2225 -42320 -62253 -2177 -33120 20923 -3973 -63250 16184 24073 -83720 -18334 -16541 -9608 -56454 87577 13819 18540 -3090 37647 16444 72136 19636 -9063 10042 21270 25930 48880 1002 76849 19271 -16589 5679 -41788 24648 74061 33627 49551 -27863 76456 7405 11016 14207 14043 -25009 35040 64737 34161 -11859 34253 37369 -56881 9790 -26075 71 -14572 11330 30123 15867 -41395 48955 29560 48796 27601 -42258 6694 40779 34748 -44688 -883 4114 40459 -42655 28483 21251 -14656 
6004 -23034 -13912 -25340 -2907 4519 35813 2074 -79040 41129 -39006 23828 34176 -16720 -42147 24824 5756 10247 20813 -24988 -5592 31144 21602 30712 40907 4131 10432 39375 16209 50795 -38047 -2601 68172 42036 10601 558 -26944 47535 47807 23152 1202 25449 -28568 46824 -19055 -39836 57608 -1280 52645 -19519 23195 78426 -35825 -49656 38021 -4388 -26856 15094 -66389 -6197 16556 5371 27115 -31186 62983 25381 15805 25703 6204 28726 -21244 -53343 -5699 -26817 2700 6927 11960 7422 -11150 73815 -19413 9971 -15306 32892 -49723 50298 18490 11012 11729 50929 -26793 10783 -13819 4655 -19523 -12448 50038 10385 -29129 -17886 
-84327 -94239 -36677 -18548 41418 41261 34275 -17056 59429 -81619 -24449 34147 -16584 29982 43453 -7625 -27001 -16685 89634 -32238 1976 7918 6125 -29253 22907 68407 19146 29589 -89042 -9712 -55250 -53707 -27334 -46533 -49277 4274 1258 19327 -46906 22078 58584 10746 48546 -38609 -5750 -2031 -31335 28506 -24046 -34549 -55203 -30812 54699 32797 -13938 32649 -13569 10166 46008 19854 -10611 29600 11308 29398 37766 -21487 -4724 50154 16431 17814 35560 13027 495 10336 -12974 -25844 -19198 -11826 -8738 -35787 43471 55344 -6957 -35872 62554 49698 -43265 -16049 61290 59225 -15043 9253 -8524 -29029 4260 201 16316 13268 28336 19220 
-24608 -2653 27575 -9756 25268 -60962 -51779 -30078 -39011 5860 -47237 29302 6154 -8415 -104690 43985 -35450 68391 -20017 -21783 8010 -21109 63 47613 39698 23445 -10803 -17766 23004 7426 86666 -23366 11513 26662 -10617 -18910 275 -28627 18702 46505 -37384 15636 23482 -23776 1756 -3192 10746 9533 901 50737 -29250 7431 -17642 5535 -967 -6517 67678 -6935 -15234 44572 51993 13582 20593 8425 25381 36795 -4654 10929 -28124 -7871 5321 7555 31245 -2884 36229 7902 52844 -32376 6478 48682 -38163 -26926 1354 36713 28850 -30494 -14479 40244 -58376 -25855 -42396 -3930 26890 14687 -18761 61701 -25191 20209 1712 -61651 
-10905 25448 38732 -47968 21719 -35219 3099 -6700 -28567 -4476 10023 -26421 -15660 14318 -32302 -111595 21745 -3306 30325 71019 43893 -39040 37268 20435 28193 -40979 84300 -15067 -50323 20162 20471 65412 5127 14006 4536 -20016 91186 -32083 -19065 -19523 -19751 -15609 14262 -8137 7402 8784 -58128 68690 -361 -87187 52132 36250 8863 24662 12347 11037 40726 -6574 -46303 -39133 23724 -14336 43919 11988 -41805 -2599 -3949 11725 -45324 -13844 -38395 -7514 -45081 12300 -33481 4338 41095 -38721 -13873 -7537 -39715 3100 36451 1825 -4258 -556 26069 22382 28703 15755 28931 -4620 -18692 4274 17216 -11482 28701 -5564 8007 11104 
-71463 5763 -67769 27444 41602 -48705 1385 -2222 -45836 -45317 29908 -32546 -9858 -34124 9976 23143 -20149 9122 15374 -35643 21634 -18798 -1397 11538 -27436 22893 1389 -59598 -53639 -14799 8874 -22426 37110 12704 -35126 -2648 -16178 -18761 -12776 10336 -18815 6836 -8700 27445 -2519 -18890 14790 25594 -4016 38062 -6995 10465 54399 -14118 28266 -11777 75273 14436 -226 37139 -24915 -18424 29733 -56526 16896 -24240 10709 38117 -32427 -18857 49399 40603 -5037 -72553 19422 24003 -147 -24312 10721 11223 -6004 -57909 -55134 8138 2661 -16325 -46034 -1757 40811 -19004 -13670 42379 32182 1061 -14096 3629 9314 42161 15032 76400 
44004 4809 36622 19515 36002 14218 5478 77193 54937 15690 -7680 25498 20518 18906 -6705 29711 -34179 10553 -37484 44873 -16937 -5490 -69107 4609 -7969 62213 -60424 -5763 -51247 -66856 -50017 -26423 14982 35953 -30584 63880 1525 18348 -6828 18830 77931 -8104 -6185 -5429 -8203 5688 -31455 30194 -11866 -6690 -87914 -20048 32362 65909 39550 -47693 18287 -29751 2502 40351 20245 80527 -859 -12973 -23114 96688 -7144 8860 -42583 30690 24497 -271 -16187 -10873 13651 -40627 54849 4224 7351 -81 -13782 -57067 35005 -89037 -12767 25455 -7532 7465 14529 -7829 -447 20647 -3466 31126 12582 12592 -33006 -29189 -16234 -17941 
63361 -8539 -31581 31573 -13207 26526 -5064 -40543 -16594 3447 61689 -27701 -16221 -40176 32650 -7001 5941 -29804 29548 13490 50481 4086 -14238 -24816 18925 -26516 5410 -49880 39772 -8845 -28368 -79326 2071 3428 -28858 -24619 19368 -58803 -26979 636 53199 -24729 56023 22238 -1333 -22081 -725 40039 20668 21772 -29670 55681 -57178 19624 33805 79183 7516 -12664 25156 -11228 20458 37009 -89204 -8439 45232 30033 -18483 19502 -64394 19860 62220 -31569 -38840 63237 -91265 6989 -30114 3443 2554 -11509 -915 -5278 61745 -42686 -2086 -15327 -44350 26478 -36678 38490 -40455 17097 -26367 -22518 15441 42467 -45824 64470 -27401 62164 
31260 30769 -43520 -50 23593 26947 -19816 65738 15884 49478 20308 -50371 -1070 5007 5326 -17238 -33260 -34462 71259 -40013 32367 -54074 -17809 -34888 -1812 -8406 -53002 -10447 8579 -51712 -7272 3112 -12842 -13753 42266 87846 -33327 34330 -21060 -8967 69817 32571 11981 48176 -36462 12738 23987 18560 18847 -1960 -35268 70708 -57887 -57616 68966 73691 -72926 8747 40403 -77496 -29322 9428 20623 16224 58873 13777 -24355 8704 -40263 -17233 63476 27230 30914 39181 51326 -5685 28531 -3412 -15663 -18797 -51906 8034 25364 5696 -6932 -1120 2411 -57434 59915 37081 -7998 53068 -11299 -7712 -50166 10165 -11634 1309 -58780 30711 
47184 -70949 -91475 25202 14427 41100 8630 -28622 -26045 2998 9430 -65179 4641 -55442 -2646 -26017 -31221 -46429 66198 -8750 24190 59720 -53 140 -8887 17697 8867 15006 -22335 59344 8743 258 -42110 26479 -58822 -31635 -73337 -27538 1044 -29156 10464 -36635 24743 -27840 -12818 -7986 -1541 9917 -36973 -32364 31207 -5491 66746 -35819 -108041 14451 19228 89597 -19177 -25776 -63276 -25965 27620 -35356 35756 -96662 9830 -136 51563 19875 59509 1116 -75369 -41401 -3571 42647 11927 10195 -5683 65269 -10722 2772 20240 25632 15939 -6932 32354 31917 43810 23940 -14187 -2548 47826 -2143 56406 -15698 37728 24421 -5308 37377 
70702 19026 -8298 61208 -59787 -4062 24716 -41851 -28738 68465 -20128 -65698 43445 -13987 -8496 1780 20387 15557 40079 4293 4567 54046 50832 -13116 -6457 -2887 -8527 56138 -37909 9262 -63506 -38221 13255 19108 45137 52220 36980 1615 -22771 12402 5467 -64047 -8763 -14365 -5048 21885 51716 5304 42109 26767 30900 26652 -43831 21422 -30512 -35293 -62007 7402 47194 -32096 -10320 25231 11690 48689 22595 25202 -9705 10973 27837 85234 43542 -835 -23924 52512 -36835 -5757 12731 32922 54065 -76063 -52477 9827 7916 -50565 -60330 40459 26361 -15598 23680 -15889 17096 47010 8628 32902 -9484 -34763 -39916 31383 -63645 57763 
5897 30044 -17256 10488 55230 20343 -27847 -10396 -17791 -58830 23568 43719 -22200 16032 -24042 5164 -35711 -41436 29187 -50599 35300 17212 -17510 33047 -18305 -5388 -69124 -10974 11730 31976 -7969 -10772 14798 -44910 -20522 44248 -3806 20312 2670 51982 999 7083 35 -35570 -20001 -4702 1663 25581 52619 9289 -600 -9618 -2383 63737 54284 -14771 12152 47227 -11688 27975 60673 28788 21049 -18580 51388 -55652 12651 35680 -77431 53201 25606 -30242 -2042 -17713 -5907 -33744 9856 -34759 47331 -55677 -45068 -14110 -54956 -59373 -17297 10866 31168 -29525 1858 -25072 24295 53012 17157 -6311 -38461 47935 -65754 28402 -10730 -2670 
10163 21356 11389 7179 -28457 -19611 -18684 6318 -26456 27041 57798 -16344 40999 31793 -20817 -1851 67950 69 -23533 7698 -7711 21429 925 -22876 -28183 -38343 9819 44212 22381 6989 21369 25199 60375 4057 15001 -20594 1400 -1800 2320 65775 -8395 54215 -11393 49325 108758 64522 5890 10345 50008 -45170 44526 -5847 -21673 51880 26172 -3393 78942 -18510 -51945 41269 47076 -8653 -26416 -9143 -6253 62780 -4093 37670 -67616 6066 -24925 39436 -2151 26110 -17480 3617 -38687 -3994 16538 3771 -18452 20271 2535 9857 -39080 41549 30226 -9780 5348 61412 29046 36465 25197 -12078 -17705 2419 -21567 70527 23281 40249 
-24355 11768 9981 22946 26716 67705 -10128 5684 -26936 34831 -42876 4682 -25500 25965 19371 -32657 68300 -19941 1315 60693 -40170 -80276 -55855 -13441 -17991 -8938 -45087 76821 -64065 -7592 -77550 -16799 -79471 -80888 61643 -10460 -42245 -12392 -35502 69488 -24854 -6587 -93898 -5413 -79621 20911 -41828 -34622 -44042 -18299 18558 -31268 5824 -17363 123226 5624 10681 59309 27525 54572 23636 696 32972 960 -19446 61181 59993 -10342 -25032 -5858 -33238 1352 19022 -58933 -33277 -21029 -61692 32021 -30091 -32518 -42398 49844 -13522 16319 -46498 -14963 28035 27220 5809 7791 -4790 -65916 -46267 25916 -26579 -29164 -5607 -22366 -30288 -1161 
7075 23172 -38829 -36698 56444 3689 14203 62704 21687 -71420 77612 6110 60903 3673 -7834 28575 -30564 -760 18962 2404 -43723 4269 4676 34537 -13480 47426 2172 22390 21691 -62970 -35630 18899 -72584 2581 23993 20597 8600 56538 -772 -74966 26338 -19995 -20998 -7176 -20773 -50447 -8214 -20695 64491 -51219 14967 -54173 5988 -16012 -9559 44536 -37990 55151 7091 -33752 23216 21734 20199 10695 40801 3015 -36320 8579 -24109 49782 30113 68622 -2886 50767 16143 -90807 -1533 6834 27880 -23979 2749 5527 -16294 9430 -4038 24779 8012 -45730 4885 -965 -8976 16113 22732 -44855 -47295 -13861 -24789 26539 -56862 -7513 
-5830 26036 -52951 54750 -52267 50571 17029 79831 -7110 -31406 -7838 64149 -3591 1562 -2848 22183 -80501 52280 -22297 -413 -7972 15698 -61777 20770 14964 17128 -81212 21015 17215 -41231 46691 -30668 -19074 -12668 54989 -31276 -21796 -24359 18231 -39508 46397 -47056 9965 3113 -37919 41061 6141 12633 7186 51674 -29587 22805 -34464 -3794 48386 -2922 10802 -20512 -42088 -6596 34701 1232 -19897 -23936 7788 8990 11430 54512 -53563 -27509 30609 45469 -99803 93781 48359 -65381 101609 7616 2185 21575 -3464 -37498 2695 -20239 64 51809 -30395 6522 59837 60325 5206 30933 455 -90977 -31939 18885 19336 36740 -12241 -39585 
7418 -12182 11802 19664 -9434 22718 -2021 10375 5636 26542 -37104 22394 -6231 -10159 66490 -22926 -1413 31606 -7560 1998 -53429 -41660 -773 -48732 42953 851 26991 -16799 10957 -21893 -42157 -16867 9410 44157 40485 -19271 41972 -29545 3946 -10180 -32918 -28347 8307 -19274 9899 13335 54349 -22028 -3428 -22263 -26888 -41005 -51325 36405 -12315 35553 -34725 -90209 45814 -25514 -23822 88794 -16716 40404 -85935 52147 -39807 -34151 -8439 -34065 -83068 -25849 37506 3409 24549 -4973 -11312 28957 -13229 -50374 14674 16927 25799 -71989 35866 20767 22395 -37492 43595 68410 23952 39168 -74277 18094 -5249 37092 73312 8142 -14551 23301 
11173 7159 -34921 -70584 -32691 28263 -384 32126 -48798 64583 -13193 -65561 6465 -27492 29984 -2485 9379 -80256 4229 30929 -49911 8754 -37122 -36196 -4808 -56704 8474 642 6994 20751 -45521 -36373 -60056 5878 -42456 -7882 -59159 -21345 -24543 86 -6006 -10789 -42391 27689 -43670 -41300 22379 33624 -10991 -58908 -1819 4038 -16209 -23349 31349 12986 -20181 42376 39796 29067 13668 8825 1248 -18635 24894 31504 39249 -22289 45887 21567 2935 9559 18593 -2238 -18204 -37151 -6321 100697 -23180 -3815 -21265 58633 -4535 -13297 -3197 25614 -10378 -35700 -4633 53132 -20723 3768 -48403 17421 58223 -28985 4788 -8138 -11626 19832 
-22985 -9564 21153 12603 21971 -50480 -7161 70701 54557 -11267 8633 -16961 14888 -16443 -9266 -28130 29974 -43004 -6486 12773 15235 26079 34843 36190 -22736 -25230 -15362 -20849 20929 52065 28796 2206 3588 43409 10409 16654 18178 -521 60852 -62730 -11213 -71205 -25269 -58225 10910 -23045 -26521 3527 21758 24783 20498 -5315 33458 21259 3300 -89018 13999 16151 -23661 -15769 8106 3973 -20045 -28975 -19036 -62829 -27391 -43260 -5790 15685 -46659 -8652 -24363 5874 8395 2574 5033 -23080 40383 -7241 6261 -48599 -74 34965 372 -28562 -2661 35894 48902 -70152 2322 7601 19812 22801 -11099 14851 -29255 -1774 -6994 38858 
34186 -105135 -10225 11144 -85276 52296 -47210 -22131 -55934 -2177 670 16096 47381 -27790 -53011 -25588 31074 4062 22406 -77310 -44587 55157 52992 -34937 12847 -82962 -48397 30610 -36226 9266 30613 -14997 -34296 9720 56645 36972 37338 3554 -22335 18080 -6397 10 74740 -18690 63473 20920 9376 -65880 62978 14905 29845 48092 -55869 25623 -15334 10496 23369 59640 -27518 -39379 28094 19999 36947 4885 21963 9185 47854 65694 71 62742 -4274 -15519 -14236 -5095 19433 -11017 21511 -30929 46685 29856 18986 66870 -36499 27697 89925 -11736 76894 -4800 25117 27683 25672 -35334 -3140 -1406 11218 -13333 30296 69387 -5263 -6214 
-34255 -39429 32091 -36873 -50331 -24985 8222 29707 -3556 11193 -14110 -51086 2514 12905 -53637 17201 -372 44394 -1872 -16371 -24246 -109 44098 -35427 21530 25015 388 62071 -25963 -11323 -44016 -45571 33965 -25079 -73990 3906 34134 24154 3420 7893 -44649 15747 -30766 33920 12280 17036 4789 55790 -20731 -3931 7679 8968 24343 36627 -8187 -34229 -11615 -45775 26840 -4369 -4157 -16916 -47674 18945 13122 27880 25840 -67039 70951 214 -5634 -95124 48972 26194 13194 -38762 24799 10774 32969 -56497 30906 22272 41844 -284 -45546 2069 -11705 18318 -4045 -14649 -21434 -55605 9576 69162 -43327 34250 33835 49484 17737 361 
1881 47316 55051 -23525 -7784 36053 -18303 -39260 49736 10685 19595 -21902 19661 54106 17510 24730 59040 -26392 -8317 3476 23874 -14961 35344 -17040 -9487 -47950 -1796 -14766 -10732 32127 43000 68437 23640 -44297 6801 41379 28616 43584 -2242 -4463 51625 71412 48885 11004 40060 1490 15426 526 18043 -33430 -27037 24397 -10241 10925 -30258 4671 5264 1264 26881 42578 13612 -61839 -8141 -25403 15000 -6651 -14838 31689 30824 37057 -4816 14595 769 51020 -4152 -5725 -35516 773 -64696 33323 28127 48918 -13296 35166 37116 17367 -17219 35831 -33286 -2486 28192 24658 -31132 -53876 73511 -51029 1921 40915 116140 -7310 
-21187 -1051 14521 -55866 -9281 40301 19517 -3471 -11237 -1033 29986 20304 15775 1128 -1712 -4133 -9312 -54857 -4679 -27816 174 -40103 38210 -28912 54157 -26329 -30846 -26154 -15057 26183 5562 -8804 -21992 -18439 -13160 24067 48931 55115 -34379 -8555 17810 25369 49381 19500 6242 38229 26131 20825 9354 -23603 -31558 28961 55947 -30740 3500 -2272 41661 52025 -26575 40633 -24218 44490 -9233 -17521 -33808 -43834 -23132 -3898 11944 1453 -10277 -17921 -43248 -37101 -40661 20959 37081 -33376 38364 -62020 -4248 12231 -29464 -42783 25000 51265 60936 -7408 -381 -18272 51140 75356 67414 -8524 -29696 -2924 -12490 23760 50721 -23886 
-3944 -14206 -6740 -25159 42471 48166 -49875 37324 -26975 -17341 29826 18741 -43723 -47535 -13349 -5938 38931 20060 -6338 -88426 42384 -31868 60575 -41994 31649 -32584 -27651 -43400 5500 24694 55928 -23931 61064 -48426 -27344 -26941 21699 -9296 48718 44350 11432 6494 24738 -28548 -82352 10186 -2457 48129 8781 9144 -88305 32780 686 -4725 47089 -5266 50441 -36522 1937 -12024 56208 -62891 7567 -75999 12316 -99538 36572 79491 28716 -40490 78130 -45787 -3305 -13926 51187 5312 51068 -26437 24288 -31713 -12799 -11280 41778 -14315 39162 16851 23324 20394 23702 -51059 28872 27395 -28428 10045 -2733 -8604 -64227 59775 21050 -39276 
13467 16912 -17434 -11636 4783 -1115 95444 -533 -14674 47065 -15486 -3533 19548 89377 33052 18395 -63256 23587 30622 18950 -17215 45689 -48255 7285 -51584 57382 -32279 42550 2722 2117 -77183 -41979 57110 27156 34066 -49320 -15416 -32055 2911 15209 -22383 -19386 -21238 65160 44374 45949 16691 9600 42899 -16368 47353 -10260 -42448 55073 -34165 -77316 26527 -13305 51242 19293 30417 -176 35745 -7158 -69065 33279 57205 -1748 -76721 725 -45972 -3397 -11441 -2656 13030 -62739 -16753 24329 4156 -30732 -1741 16404 6037 -74249 20775 14124 -11641 -49604 25241 44443 9839 31952 -70517 42811 25690 -1949 -14437 -15660 -42221 -8075 
-21329 -25779 -2235 13846 -21986 79369 22780 -38694 55488 15637 6893 -29298 614 -13661 -7688 11388 21740 7166 -47657 -3833 -2548 -29881 27392 -23677 -103493 50733 -14529 -1785 -70359 38056 -16901 -50525 61334 26455 4348 -62853 12800 21728 8177 42134 -6240 13939 6475 -30751 31858 -24266 -39155 -58895 14632 36143 -12874 -18516 -36664 13701 6599 -71799 1093 -61243 -12183 -21352 12748 -1281 -35802 25573 -15903 -19889 -580 619 19241 63984 21160 9945 -3565 19886 -13079 -44140 -5366 4515 -51459 68037 -42339 -2498 -19263 -10451 24116 -35144 11646 -5087 -5733 -10270 62164 30528 -51657 -17052 132554 -11295 14357 35760 -9180 2327 
26194 12358 -9930 -21282 -59271 -59167 -4574 56204 -51648 49216 7210 -7856 -53985 -77953 -26574 -28035 35611 -2295 21581 -29662 21720 25020 22080 -8127 -17250 -27584 29572 35022 26645 9683 16674 9339 29320 39907 30028 -23877 72977 -36967 19319 -19084 3981 -25196 40637 -25717 -61927 -32976 36900 -7410 47182 37434 -10402 -27481 27103 36176 21684 -21900 -32547 1473 -42680 -25154 -47927 28261 5346 2077 -16956 44354 -25288 8296 4245 902 -12220 -22696 39279 -8685 -61497 -23720 45565 112175 -18902 -26598 -54112 -15472 14288 -25904 -20172 -39664 26543 5578 87954 -15737 -46753 -48811 11178 58256 -13400 5207 -3725 -1444 -14897 5990 
56486 7356 5068 2391 60126 65815 -17008 67148 -483 30024 -1264 -8798 -48005 -8910 34241 60020 -11915 30492 -35904 -1718 76819 -4610 78290 -9213 7659 12394 -18372 1887 2563 23416 40446 -20463 -40913 -22497 -14059 19002 -1438 -23615 91296 -63029 -12652 46427 6391 25680 -24596 10286 -7412 -33582 -87865 -17309 -27292 -84458 -4129 478 -19573 20930 6909 -13324 -18898 -43220 22848 -13506 -15079 -75093 -18935 -55258 -12161 22657 11327 26179 27732 16629 1729 17636 -64567 12602 -5040 30105 -6343 -31847 -23978 -39735 14563 9256 -39026 -10944 3003 -12782 4487 -26274 -56369 6863 26824 -145 6522 40063 -82940 -23039 17395 18651 
30294 -1963 3246 -3978 -47047 -60657 -2595 -17125 8657 -6532 112305 -27212 14056 -46878 -37835 5887 90385 -31078 35076 -37584 -11967 50099 49630 68980 -62168 17574 36802 37458 56819 33316 61751 85324 70429 6911 42564 34595 40978 83502 -19993 66929 -23850 36852 -33827 15406 5683 -79355 -26952 -30244 28796 18731 -4261 -40286 67143 21144 7692 8693 -10468 43113 -25525 -23357 42268 -38936 7819 -16731 -17128 -22677 -6532 3827 59020 9479 -55254 17622 52377 -50422 34587 30221 -22279 -17197 77699 44447 40900 -44145 -44624 -588 42782 -8268 58911 24284 -24083 -46384 -43222 -7758 -36582 10507 -81889 -43851 -1690 31714 1762 -37518 
-26732 31343 37262 11741 115227 -65871 57763 -22623 49220 -27154 41372 8719 -13912 -35934 -47524 33464 -23736 47930 -16850 12100 -16725 40591 1942 44631 -39172 8935 20730 -25729 99758 19051 42670 -8708 51576 85009 -41058 14839 19063 30592 37260 15597 -536 -293 13769 43359 49590 1780 -4150 -26226 49214 -8285 -65902 39410 31597 -81280 -6709 -39735 -18654 52513 -56741 35930 56835 19665 963 13301 -7179 -25559 -24439 15519 42206 -8728 -12390 -19152 -28768 -28729 9883 30671 -4089 -85336 44581 5811 51002 -56037 -6639 114638 -19559 6448 10607 -49637 -35708 -52078 -47068 14095 -13671 29155 -54539 8826 -80331 -89690 -1320 5812 
27806 -2538 6805 -61496 22922 14051 49678 -11152 -18104 19427 -22527 -18609 -8715 -27408 -6392 -38862 -22446 -18758 -44556 10812 49684 -13156 3452 -6989 -49163 27709 69507 15571 -16547 6844 -59229 51776 5861 10623 -14623 -54831 16616 -75122 95690 -33412 -46565 -10103 -4415 -49966 20232 -13290 26545 10019 20735 -35218 49322 -55457 -5185 -57736 65466 3150 12761 -11900 -22594 -37703 6840 25640 -25116 -14843 25726 -21140 -2905 17899 14322 -9052 9382 8263 -13009 27301 -55262 -1938 15382 3044 18667 21530 -57262 -46553 -28622 13865 -39732 27395 -22760 80653 30754 -14853 20643 21014 6844 5601 40656 -34298 -91109 -29640 32687 -10415 
37975 8932 -2821 -21310 -67258 -19422 -12728 -93888 -41981 15427 -27478 -2915 -3292 17117 -13606 -31449 29320 -12503 26808 -17952 -73701 17185 -40641 -5079 -3357 20965 -30103 39006 5691 689 -62454 -20842 31538 -243 -6642 20463 50641 46609 -30723 72820 13642 15314 -29740 -726 25291 -53519 49925 -33153 55188 43653 17801 -37098 -65033 4201 38196 -33845 -52587 -8843 41716 41572 18305 -14638 -36089 -7107 1795 43346 8977 -112949 20366 64420 -7557 -59243 30867 24888 -29088 -29328 -66181 55109 39638 -9695 16168 12705 -23825 3680 -28670 -13754 -22221 50451 40219 32728 -17808 -26861 -5010 61911 17535 -1604 15511 27254 42312 47592 
-16544 39284 1293 53000 -7073 -48770 -11639 -3223 19294 -25604 -8790 -3138 5552 -4011 9540 90204 -34763 38238 -60774 35050 49406 2658 19634 -29227 32397 47807 -21149 12674 60411 -89416 -23577 -25104 12352 -43023 47445 -15764 -41968 20087 13091 -23989 -45003 21688 -12364 82652 -36926 -22542 -19011 -23314 69743 68034 -16394 -31240 91572 -5636 -7299 -9174 11062 11624 -24416 -6509 -62322 -64906 -37073 -55713 14574 45051 -835 -60734 73672 -6583 -41289 -34949 -10089 -10052 -10975 3342 52179 -22297 -60137 23350 24846 -6563 -72270 53371 -70550 49883 -10870 15782 -19223 -94278 -21082 -11690 7925 -7014 -103664 17842 20701 -27230 5963 -56578 
-21927 -12262 7120 -16 -28924 -33959 83636 23234 18232 6167 17260 -69333 54074 48054 -75692 -17784 -4472 55350 -75854 40139 1528 -313 -13293 25282 2031 49243 27341 -22779 13080 -17067 -35171 -51813 12465 13584 -14084 21352 -3784 -28099 15360 -4099 54300 -40953 -13698 -49209 17106 -15306 27463 -17956 -2099 -52098 -2175 -88952 3401 -16542 -27132 -15415 39087 8271 -35294 -17756 -4594 -31597 12114 27236 -12508 -22278 -34658 -9820 666 -32983 -4771 25184 3417 -39255 -7805 55260 -22159 26931 30491 19928 -51423 -45175 10373 37041 -35800 45981 17118 -10342 43068 749 35669 68116 88267 13064 31174 -17613 -48641 -8924 14023 39769 
-43624 -11699 -99210 -4497 -21003 -32797 35190 -29868 82737 -27513 31645 -63558 -54519 47082 -297 -81649 5473 -35026 47273 61470 -23905 -41402 -57608 2465 -41427 -177 -26719 3398 -23886 -24174 -20713 -39861 -49018 -75793 -44602 -62223 -29504 -48681 -49749 22433 7669 -49369 -17348 -31946 -45917 -19952 -51809 18587 -30444 -3556 35388 38866 66538 -63654 53697 607 43486 40171 -25385 -14340 -28737 -97516 -53480 31054 6357 -19334 -9205 -13218 -78077 -63197 -4676 60186 -22114 -11297 -29990 -14499 -19837 -16565 -31410 7658 -10309 -13257 7669 -19003 -57856 -10790 -19496 11379 1548 30110 24251 -12488 2022 -36865 32655 -13232 7193 -11415 -8160 -21039 
14193 70095 5668 -27526 6078 -101820 -95595 10556 35784 -16699 -24877 -25745 -34886 23346 -1013 11804 -64654 -9083 -22632 52329 58771 26837 -49003 36207 -11281 256 3275 -16773 104764 -9535 9730 -6610 11533 7052 -18192 -28534 -34218 -41341 -26034 10021 -13250 19622 -59500 18921 -30806 -14004 590 20911 54372 -33786 8049 -36678 49710 -989 51274 -13978 37483 -20798 -41797 14307 13297 -12171 -74120 -10183 12891 -29680 11608 -25030 -54482 -36123 -27811 -37731 -61956 -10137 -53269 10124 -8137 29919 -44185 4419 -68625 53360 -14598 -14681 -57389 24335 -26918 -8733 -39568 -10665 20919 3936 80092 10123 -45992 -61392 -64607 -3193 3821 15541 
42666 -50727 -5600 -18420 5567 55254 45570 -29867 26579 44216 40324 -56651 16717 -3727 -46066 29220 6028 -42113 -6492 25766 8546 15926 -29663 -29628 -28236 73495 -27256 -31340 -81483 -2874 -43819 -59848 42604 -9175 -53026 -22802 45766 57172 -16410 -7365 39273 24362 53501 -2565 18854 14404 30350 37882 -29313 34558 16816 -2547 15328 -52644 15238 26233 47154 47164 18324 35545 25533 25042 69135 -36097 78470 -20956 35215 9382 27193 -14278 15925 -29027 -33218 57139 11136 -3016 -46574 -35315 40675 40646 -7573 -12193 30301 33985 29174 -21688 -40953 45498 22841 -19700 -13755 -2366 10507 -11382 56335 -53358 -11459 35854 46495 26068 
17953 70712 -37054 -9919 -58791 -2826 -33658 -18904 30643 -17641 39208 1115 -30588 -12162 72564 -27075 30720 -87132 17874 -826 -87843 3986 18096 84155 -46350 9692 -25415 9222 22151 17401 40443 -19815 -50006 18162 -19163 21243 -24014 44519 -45439 15104 6964 -12626 22124 -7557 16060 -18682 -10363 -101870 38394 -25921 24886 -11887 41796 -21932 -11756 -8708 -39501 32510 -13410 -7959 17937 -11435 -21182 56630 -34678 -47626 -34472 -27606 27406 4519 -57058 3176 44148 10866 30801 -17749 -25238 25800 44099 -11729 26269 -14364 -51 26396 44841 -33313 -19425 -15525 -21888 -9770 -20613 4839 -64438 20210 -7128 -65844 22413 -34683 30840 47385 
-10153 14221 46571 -7675 18722 33407 -21672 5918 -24785 12534 -11531 9013 3496 -52852 8488 36892 -7630 248 -11965 -62319 -24050 -23015 29512 -17730 -23497 -20842 -55075 -16257 -49125 92902 69303 30479 18564 7284 2754 -16544 62899 10522 -543 32612 6896 7762 -13745 -15422 -7288 16980 27975 -39739 -10246 765 -1336 36185 -26282 -39721 21923 -54638 21134 -3345 -35080 -12644 33965 62038 -2715 2792 1246 -10563 -24913 100475 -38932 -8852 -1458 -19774 20429 -47377 -6454 -25621 40402 -33057 13923 -30099 -20675 -13409 9378 -17225 10805 -33398 36042 12645 29531 -44740 20204 20348 14497 -69463 32345 -29096 -7413 11950 44861 24772 
-22408 6747 71715 25023 -48974 40206 -34991 81398 -49953 -13680 23281 -26665 24345 -63385 50523 60827 15095 20233 15404 -24528 -17831 -40910 -4159 37671 -158 16939 40974 -20150 27701 -44 39899 2632 1997 -54381 22194 -11004 -4604 -45273 36127 -4761 9392 43388 -51940 21667 -47747 -25306 -2396 1274 -14640 -31977 -15594 -66348 -11047 49173 14954 18522 16762 -1095 -2708 -24816 4986 -31888 -21409 -12690 -38914 70634 -13455 -22208 33021 -31404 -18524 11407 91883 -58076 8385 -7705 -3672 94302 -783 -19004 7524 -2216 -21605 -45251 1834 -30074 43392 -31635 37704 -18433 20691 -28982 4886 -20640 37032 10077 32739 10773 51826 14892 
44253 -14692 13821 3425 -68347 -2492 23631 -5362 -7864 -14025 31841 42247 -51393 -33693 92824 44408 -13506 -42942 -20714 -21072 -38827 29410 11088 39014 -33371 -34300 9594 -25616 51837 31615 29381 42193 -10302 8067 34208 29226 4113 39245 23005 -12858 12057 59277 -27411 25937 14493 -14225 31129 -46501 -37538 14450 31707 27143 15488 -5582 12418 -18578 -6932 23941 1877 -20890 -90431 11567 15720 -31883 -15279 -40454 -13231 -28985 40929 -15555 -27199 11524 40770 -28616 45504 27959 8926 23930 24622 -18165 -10880 13812 12094 8899 -3893 32067 26270 -3207 -41636 42402 -41352 -19583 -2972 -8218 -51647 -88732 39045 -8866 -10937 -18166 
34955 -7311 -20281 -18967 14941 24653 -13660 4547 -45727 8645 -28845 -21287 -18762 689 -13282 -32807 -25787 28522 20492 29070 64984 -23394 26467 -150 -4102 -55332 22691 16923 54676 14428 -64957 8388 11114 7773 -39306 65339 -20450 -56470 87079 -18428 -106258 56752 7701 -30472 11334 -20523 -44866 81806 2180 -70113 -22418 88273 -61940 6699 23363 18262 -33738 -25382 54081 -44852 -10297 -12916 27588 6051 6804 -65725 31854 -50977 35901 -2085 44820 -77523 63887 10767 -17236 33876 20866 -7442 -54591 1650 10964 5264 28302 49420 -65353 72701 1603 43829 7592 3405 53035 2914 -29225 32228 -52896 37834 -43516 37288 -32839 30755 
29961 -7028 3211 36521 -41022 -20523 -8309 -47488 37779 62947 56309 -26705 18040 -773 34016 39238 34706 -1479 -86140 62908 -42321 48089 -15373 -13145 -11076 -6244 -10895 -36344 59275 -34121 6829 19921 -3239 30959 -15250 32625 35614 5427 -36247 -15764 -33426 1699 -8896 16945 4341 -7181 49720 -58009 -6872 3001 45838 -57196 23226 15368 -41129 28365 -1410 28315 -2697 23963 -32783 14983 -31394 -18816 5482 27163 -9816 13536 51727 -13145 -6360 26311 -1078 6535 2656 30552 -1349 48178 30573 -21326 12897 28053 8932 -5224 29688 16184 12744 -29492 -87595 40474 14668 -22722 4246 38611 73209 -62289 -37093 -13814 34949 -23576 
58079 64130 1678 11201 -7983 -50031 -18829 2527 -37236 20754 -20504 -54321 1896 37283 6463 42570 -57128 -60956 10973 -19518 37746 43369 -3219 59673 -29731 16368 38925 3701 39557 22537 14085 -22296 -12061 11525 42293 61248 -8681 25278 -33540 -2309 -4031 -13682 17233 77421 -18801 -61093 60117 45713 -6327 36173 -41196 -5199 60620 -5283 -41396 -12761 -52135 26263 48515 -60217 -51274 -74206 -24848 -2131 50301 46768 -22283 -13114 39315 8628 34888 26448 -9216 -981 8650 -19067 9079 5496 -20142 15805 -33890 9449 -12874 -15125 -33841 -1887 -5791 -8831 -10634 -16259 -7558 61093 -61949 -29321 8646 -63639 17090 267 10671 7482 
47568 -7818 -27211 12734 -65001 -18088 40560 -31307 -61702 59401 -8778 -38360 63316 52251 -62659 -8062 -59931 26272 72019 53499 -9599 40298 15853 15553 -39521 -5112 13719 39252 -13352 67896 -39152 284 -8135 1892 -26025 -7175 -9722 -11175 9042 7372 -34732 -6046 11783 -36100 18366 42334 -9494 37438 32625 -943 30050 100642 -65209 -43312 -60411 -18487 38946 58890 -7621 -19166 75895 -13740 62217 53777 47877 35756 16997 39237 -49907 26559 -19351 44339 7659 35414 -27570 -4483 -61753 81042 -10041 62277 -20050 22854 -12643 -10500 -39952 422 -61924 13346 18093 52236 10906 37514 24279 -22234 -660 -26234 10501 11292 -56178 10666 
5632 62246 -8050 6417 55342 770 27287 -29832 56539 -41660 40865 10542 -35298 -27941 -18160 -21341 -12554 13372 -47119 15480 6417 -50890 -50981 -74054 -12680 7716 -35486 -25650 -11121 -37385 -460 1354 1281 8664 -44104 -31014 17284 -24069 -42349 12715 -3416 -48332 12801 -7401 35997 -15055 -59805 3039 7633 29538 -38277 25914 -40907 -7452 30970 -42616 65649 -30055 -17805 21524 -10023 -20480 21500 -13138 -47334 2248 18476 14051 7256 544 -7277 -10715 -15963 -8260 -7140 -1472 21760 -10304 -8243 22327 34745 -12345 40123 6976 43390 7583 -24266 11139 -1404 -40288 33365 -27723 -16310 20503 35314 43504 -46262 -25588 6674 -14591 
15005 26111 -30376 19417 -53140 12283 29954 35934 42398 66870 -14034 -38875 -30595 -34593 35598 -1600 41550 -16980 34596 -1046 28531 48670 -45965 43653 -33891 -26694 -1299 34057 36327 -3962 691 -14752 15769 25115 32918 54044 -18175 -25577 2554 -37197 -58727 28208 -19585 -30742 -68244 -31102 -1548 -41936 -62119 -3363 -53100 -37135 -9694 1318 -27853 -20814 -63630 -35858 52975 -26171 42745 11548 -14806 83875 -542 -35220 29936 50563 93798 -64222 33036 2351 22165 15641 33230 -18360 -64905 41724 -38859 20232 25953 35130 72470 37198 4 -10709 -18172 -3487 -22827 76677 -23822 -46038 -44818 29947 -1774 -54276 -32736 -29414 -52360 85436 
-1079 -27294 -15580 5396 -32041 26941 252 -53999 -3899 -39621 -21505 50460 -55216 1156 33572 -13180 48947 -50981 -3337 -19811 -49975 -2100 -12356 22982 16562 -49012 -1902 57789 8951 43768 8630 -35717 -65216 -99623 23832 -24945 -67237 -10641 -24743 94606 41558 29368 -27839 20463 8220 34785 -19255 -52988 8131 -37579 54280 -3455 -8207 -3578 13426 32656 -1509 78033 -19976 18553 -22518 2496 -29203 -11319 5056 -24323 45866 -51274 -28364 9491 -88535 -35545 19407 -35864 -31429 -14202 -4377 -1138 14321 -15068 -67873 13069 -7117 -1620 -3663 46337 3639 -5602 25246 -19554 -32741 12613 -31572 -1085 -892 -18326 20055 -14346 -5388 -8006 
27489 141676 -14171 19964 68746 62564 -18615 -39433 -18144 19226 12997 16921 -18883 22757 11621 -16218 18283 -57771 -76463 12777 -71631 -78859 -12802 14062 -14015 -25390 -72568 -27312 7717 5190 26807 42358 -44703 -7957 -5500 30933 -60629 -2431 6623 -718 -16889 60539 -31266 12665 5195 46393 22968 -45508 29125 -71130 69729 -11870 25574 -18186 88680 5079 5080 30857 -14548 104245 8349 1330 46658 -8896 15066 8456 34934 41034 -14548 22611 -23080 29776 42099 -31548 40429 -39859 17824 11456 -10767 7177 871 -36366 -7261 13010 -26688 -7683 4296 -6432 -34611 14855 33365 -15764 -30301 407 6582 -655 -38160 -38006 -12105 354 
-45721 -41034 39224 -51720 -14422 -54316 -24302 45676 2850 -3991 -17971 18673 18607 -64802 -67969 -52983 58154 82230 -44040 16906 74672 -27815 41141 -19217 -5265 -70288 10237 19006 29446 16725 8629 61675 38303 49005 22296 89029 32330 -32723 14739 10726 -24480 10771 -23193 -44034 34610 -45964 -69901 13126 23383 -23261 -76334 76051 -44518 19083 8026 12463 5149 -21934 -37827 -32101 -18082 32604 7144 17633 -27052 10257 -31517 25266 -10165 10452 51539 -30259 26713 -47769 11012 55148 8736 -2130 -62817 64593 7965 -32905 5148 1455 -8061 34965 210 60764 8623 -38913 8124 -33148 33040 29866 38649 4391 602 -15646 -23043 880 
-48088 85553 10749 41558 10292 -22402 -13575 -20955 -8256 -397 43198 -5019 28648 53441 -106 10627 31843 -29561 2098 27870 25258 -60486 22839 -59501 51673 23348 -39977 -7946 1780 -14682 28590 81557 40918 -32983 31633 -62152 -52321 22105 -9669 -13125 -50306 60541 3712 34295 9294 47609 -21991 35272 90378 39232 68350 -43948 24327 -11653 30851 354 82308 -68757 15539 44654 -3474 -72974 -54607 -21899 -29770 -47486 37855 31895 -15105 -36736 -44576 9168 43909 -7341 -63320 32068 -22275 -73991 -38972 -43475 -8827 -4332 6945 -24402 86965 17944 2259 -39630 -7467 33608 59048 -68865 -25502 8328 -14817 -23871 -21133 18560 -6425 11861 
-50523 15029 -42668 47930 16627 -16997 74341 -707 48165 22265 28233 -9762 -17883 42801 -6128 -31842 7396 -28894 74461 7178 1566 -8967 -22728 -11224 -45842 -63076 26768 -39895 14599 20725 -33459 51977 9770 -4335 -72776 33725 -40041 -1490 -56108 13548 3099 -4701 -9700 -82541 -31356 -26677 31696 15431 16643 -50297 11771 13478 12418 -42601 38739 23038 -47138 -58752 40906 34149 -53283 42280 -7666 -22785 45219 -79476 -792 -10612 35204 -41868 46732 -64399 10152 -4672 -67523 -13997 -680 15822 -16781 -9158 -53616 66711 13371 27515 -83002 -7615 1471 -12618 22940 50817 31063 62385 36755 24629 -25575 -47774 -18857 40184 24468 68156 
10016 -34600 -26081 14131 20761 27621 -38861 34313 10413 -13191 4910 15203 1600 -49289 51606 -47270 -17802 3950 -14544 -23916 -58903 -59998 -43368 16020 -45020 6051 -10920 -20198 33299 -97856 -43456 -63071 -19347 -15209 -37252 -15919 -35286 -33513 -6984 53217 5158 19260 -52088 7868 -36388 22065 -532 -18746 -2143 -18264 -6386 -64730 32462 38102 6085 -26174 16977 22781 -30070 45679 -36245 46590 94849 25193 -26542 24220 -16147 -29267 -21223 -18311 -29042 -22620 14980 -59269 22741 11590 -47198 44015 12376 2197 -9967 -22954 -38408 -19492 -28681 19732 -22591 -23107 -25363 -19889 -11010 18433 62045 16697 -45818 25630 10934 -40657 3055 15510 
17698 -46388 6306 -17858 -2139 -4584 -13685 -43803 -23017 27793 -86483 -23020 22130 30014 -35956 -17726 4852 16315 22309 -33625 10599 -5045 -23037 -6298 24902 -9262 -19470 33798 -61585 -32614 -5381 -33502 -19702 -27856 18903 -8332 -42872 44725 -37580 15162 22568 65075 15940 100234 40813 79705 3234 20133 -47367 21625 57689 -1659 3723 -30356 -9586 76408 45915 39342 5682 -2625 -18942 20342 87346 -4052 54266 14232 52345 12408 -4245 -16982 10462 -17660 -39307 11979 15793 -781 -51628 -42798 36152 -34369 -57279 20395 1669 -19947 19288 9551 14169 -9219 -36972 24421 -59911 -14723 57116 24248 2370 36583 33255 39393 -10171 -20508 
50223 25756 6330 -27906 18070 685 4996 -18688 30101 -89690 55793 -9552 -27018 -11850 41141 -13022 -48695 8130 -42252 45967 18325 -86015 -43403 -3944 31836 -1181 -45777 -24059 57489 -52738 -30815 -29705 -36697 -16757 -62988 -5593 -50044 -47843 -13284 32683 -18084 -58524 -28903 -11614 -59232 -42849 -1957 38096 13659 -9268 -5258 -78662 50527 9620 -10002 17715 25421 52677 5127 76350 -11569 55040 -52374 -21051 2618 -4493 -16002 264 9085 37124 85419 -30914 9803 22382 -3116 13467 18644 -21580 -11733 -28677 38078 -49490 3292 -16388 -64891 -24343 -27166 -28391 -5321 -12543 -44329 -17747 60499 -70193 -4089 11783 -5902 -25798 -30421 51961 
-68826 -15834 -30747 -3352 730 -7453 38528 38677 683 -12666 53115 -2053 13780 -48899 -20619 8498 -78906 -13893 -37862 11775 -5859 -66975 -17025 -42509 -64562 17488 -5176 -43416 -31721 -20194 -36899 -15268 -8388 -14101 17920 -17260 42039 -940 -55696 -3328 -44225 40919 -77044 -16078 10488 13648 -8642 -40854 7461 20026 -27874 -19214 -55612 -3156 79789 -18989 82616 -41477 61768 33718 26998 12485 40872 18828 -8496 11852 -32407 -49303 -34764 11539 -21696 38889 -14802 -11423 31256 -8951 -25238 18522 -26031 10481 -33726 35543 -23091 15713 16713 -20477 -27049 20702 36943 -60923 55148 35026 -1952 45414 11813 29461 -89080 16260 6455 -3718 
-13598 -13775 -15880 12337 70467 33473 42085 -21064 -14039 38088 -63326 -46135 -6885 33623 21414 -46164 -26273 28219 30006 -14208 -30508 -1470 -17524 -12190 -10887 4459 35307 480 -21144 -3673 37782 40460 -23509 62859 -38356 23319 -50685 -52917 40427 -4007 -53453 34868 -22580 -33000 -19175 59728 43570 -5992 -67090 2407 -10566 -7278 -44383 27727 -30586 -11356 -32908 -42230 -30557 -38791 22970 46844 -51180 -988 -21784 -10513 -31977 23859 -28026 -10530 36041 18110 33626 56423 30406 -42678 17666 3555 -638 -2315 -48452 -23622 42694 -12656 50765 -52058 190 39016 54158 33154 23878 4082 -44644 64780 28861 41008 34737 11485 -74124 85828 
-13424 -59513 -48197 24351 14627 2918 -6012 33446 -34689 -1910 -18918 -6686 -20368 -7222 53637 -28985 4547 -25607 71352 3979 54002 28966 14054 -20822 -16404 1205 76330 -2099 1032 -13267 6686 -33527 -21860 -30540 -15999 31936 21413 8877 -43698 -7142 29878 -10460 53118 7027 17892 -7734 -33363 62916 -19888 5167 -63870 -76460 24409 41114 -1688 -17619 -47684 -10918 60800 1257 46071 -20745 -23927 42296 -900 11791 -28054 4030 14393 -15483 -10009 63655 -51331 21291 38034 -11051 8723 -42701 -13832 2656 -19191 63187 1174 -39456 66888 62030 -7513 66875 45498 14905 -12373 12178 -23638 -11568 -30257 -23267 -38475 642 -22431 -2652 
5411 -18117 35919 40938 12821 50621 12549 16796 5657 5709 -47589 65343 12160 -45717 35881 17853 2038 -35877 54567 8226 37398 24753 18703 -25058 10239 24018 48366 -39850 -32706 -18383 -34525 -2787 -1878 7570 -12567 -12162 10769 -26023 42682 -35513 -1980 10203 31895 -74601 -34985 -37191 -21191 -25618 -5027 -11693 16962 -28442 41892 49014 -46766 -9536 -44791 -19613 10728 16415 -55498 14813 3648 -17584 -382 -48576 -30397 -36287 28624 30646 -80807 -103318 49109 -70647 4154 81507 -12570 -35174 1483 30952 26613 -6662 -10645 2434 24519 2580 40563 23416 -11990 5822 7137 -81156 -3234 2471 -31893 69804 13081 -31226 -4789 50261 
-24746 3666 -2131 -9771 -74546 -42103 -55549 -77069 -33573 -50278 -50370 -11788 24612 -41012 -13074 -29275 26905 -16759 19274 -22169 11228 12540 23963 34711 18690 -95690 5525 23898 14392 52440 -5474 -40557 -10881 -13913 71996 51219 24796 -29758 -47250 25737 -37104 44865 3600 7496 37596 -50523 15153 -12335 55247 4238 40156 67503 -44932 72242 -918 53751 -6511 47699 -23982 -13484 -9892 -35124 -21865 77410 27605 8023 20847 7906 12416 30102 -22186 -10989 19837 -35990 -42353 8980 -82335 9997 -49752 -31136 14266 60698 -41863 -8498 -32330 36820 38983 -26662 -28582 49982 27521 -40216 1878 -10514 -15556 -7753 -602 620 -16425 113464 
